-699
-753
-797
-837
-862
-875
-877
-868
-854
-827
-791
-741
-676
-603
-522
-431
-332
-233
-129
-24
81
184
279
369
453
533
600
658
707
746
774
789
790
786
773
747
708
658
597
526
444
357
264
163
60
-41
-146
-242
-340
-427
-513
-593
-660
-723
-773
-816
-850
-869
-877
-871
-861
-843
-813
-766
-716
-646
-569
-486
-389
-290
-186
-82
24
126
225
322
407
494
565
628
682
726
759
782
790
787
779
761
733
688
633
565
491
405
314
218
115
14
-89
-188
-287
-383
-468
-552
-626
-693
-750
-794
-835
-862
-875
-877
-870
-854
-830
-792
-746
-682
-609
-527
-438
-339
-239
-134
-30
74
177
276
368
447
526
595
656
705
742
774
786
792
785
770
747
709
660
599
529
448
362
268
166
64
-39
-140
-239
-336
-426
-514
-591
-658
-720
-774
-815
-850
-871
-877
-875
-864
-846
-813
-770
-715
-646
-567
-485
-390
-291
-187
-82
23
126
223
322
406
492
565
625
683
724
758
782
791
786
780
760
732
685
630
560
488
403
309
213
114
10
-90
-191
-293
-385
-471
-554
-627
-691
-749
-796
-834
-862
-876
-877
-870
-856
-829
-792
-747
-686
-611
-530
-441
-344
-239
-138
-35
71
172
271
363
443
526
595
656
704
741
771
788
791
785
773
748
711
661
601
533
451
364
267
169
67
-38
-140
-237
-335
-425
-510
-587
-657
-716
-771
-814
-847
-871
-876
-875
-862
-843
-814
-770
-717
-647
-570
-483
-388
-285
-185
-78
28
133
231
324
408
495
568
628
684
728
758
786
791
786
780
760
731
686
634
566
489
405
312
214
114
12
-91
-192
-290
-382
-472
-554
-627
-694
-748
-795
-835
-860
-875
-876
-868
-854
-828
-791
-744
-683
-610
-527
-438
-340
-237
-137
-29
77
178
277
368
449
529
596
656
706
746
773
790
792
786
771
748
713
661
602
528
449
362
264
164
61
-41
-143
-241
-337
-427
-514
-590
-660
-723
-773
-816
-846
-869
-876
-873
-860
-843
-815
-767
-713
-647
-570
-483
-388
-290
-187
-83
25
127
227
322
407
494
565
626
684
726
757
784
789
788
779
758
729
686
629
565
487
404
310
216
115
11
-91
-192
-292
-385
-471
-555
-628
-694
-750
-796
-832
-861
-876
-876
-870
-853
-829
-793
-744
-684
-612
-529
-441
-341
-239
-133
-31
75
176
276
367
449
527
597
655
701
744
769
785
790
783
770
748
710
663
599
528
447
358
266
167
61
-40
-145
-241
-339
-430
-513
-591
-663
-722
-776
-816
-847
-872
-878
-875
-862
-844
-816
-772
-718
-648
-573
-487
-395
-295
-191
-86
19
121
223
316
404
485
561
623
681
725
756
779
787
786
776
760
728
686
630
563
488
402
312
215
113
11
-92
-194
-295
-386
-476
-555
-629
-695
-749
-799
-834
-861
-877
-878
-873
-857
-831
-794
-746
-683
-611
-529
-438
-342
-237
-134
-31
77
179
276
369
448
528
596
655
705
742
771
786
788
785
769
744
709
659
595
523
439
354
261
158
57
-45
-146
-245
-341
-431
-518
-594
-664
-725
-778
-819
-852
-874
-877
-873
-862
-843
-813
-770
-716
-647
-567
-482
-388
-287
-186
-79
25
132
227
323
407
492
567
629
686
726
760
782
789
787
779
759
727
686
632
561
486
399
308
211
108
6
-96
-198
-294
-388
-473
-559
-633
-696
-752
-797
-837
-865
-875
-880
-870
-854
-829
-792
-742
-678
-604
-522
-432
-332
-231
-125
-24
83
184
281
373
454
533
603
658
707
746
772
787
789
785
768
745
708
658
596
521
441
353
258
158
55
-47
-149
-248
-347
-435
-520
-596
-666
-725
-778
-818
-851
-871
-875
-874
-860
-843
-809
-766
-712
-639
-562
-477
-380
-284
-182
-75
32
138
234
330
412
499
570
632
685
730
760
782
791
785
780
756
725
685
626
558
482
398
302
207
101
0
-102
-199
-300
-393
-479
-563
-632
-701
-757
-803
-837
-863
-875
-877
-869
-853
-830
-790
-742
-680
-609
-524
-433
-334
-235
-132
-24
80
183
279
370
451
530
598
657
706
745
773
785
790
785
767
745
707
658
596
522
443
354
261
158
56
-46
-147
-247
-343
-432
-518
-595
-666
-727
-776
-821
-851
-870
-877
-876
-861
-844
-814
-770
-713
-645
-565
-480
-385
-286
-184
-80
27
131
231
324
408
491
567
630
685
728
758
781
789
788
775
757
728
682
627
559
482
396
304
209
108
6
-99
-197
-298
-391
-476
-559
-631
-696
-752
-798
-835
-861
-876
-878
-872
-855
-829
-792
-745
-682
-606
-527
-439
-340
-238
-133
-27
76
178
276
366
449
528
597
658
702
744
773
787
789
783
768
748
708
661
599
529
445
360
261
162
62
-43
-144
-243
-341
-429
-516
-594
-663
-724
-774
-818
-849
-870
-878
-874
-863
-843
-810
-770
-715
-644
-568
-483
-389
-291
-187
-78
25
129
227
321
408
491
566
627
682
728
759
785
789
790
781
761
730
689
630
566
491
405
316
218
117
13
-88
-186
-291
-382
-470
-550
-623
-693
-747
-795
-831
-860
-875
-876
-870
-855
-828
-794
-744
-683
-611
-528
-437
-342
-238
-134
-28
77
177
274
364
450
528
597
657
707
741
774
787
790
786
773
750
710
662
600
530
449
362
267
169
66
-35
-141
-238
-335
-425
-509
-590
-657
-719
-772
-815
-847
-871
-877
-875
-863
-844
-815
-770
-719
-652
-575
-490
-399
-299
-197
-93
16
120
218
313
399
486
558
623
677
722
756
781
789
786
779
761
732
690
636
571
492
410
319
222
122
19
-82
-185
-284
-377
-466
-547
-623
-688
-746
-791
-831
-859
-874
-877
-872
-855
-836
-799
-751
-692
-618
-539
-450
-353
-250
-147
-43
62
163
261
355
438
518
588
647
695
737
768
785
790
784
768
749
713
663
601
530
452
365
271
171
70
-32
-133
-235
-333
-423
-509
-588
-656
-723
-771
-815
-847
-872
-880
-875
-868
-846
-817
-775
-718
-653
-576
-491
-397
-297
-194
-88
17
119
221
312
402
485
558
622
677
723
753
779
788
784
779
760
730
691
635
564
494
408
317
217
117
16
-88
-190
-288
-380
-469
-550
-626
-693
-749
-793
-834
-859
-877
-878
-871
-856
-834
-794
-748
-686
-614
-534
-445
-346
-245
-142
-38
68
173
269
363
442
523
594
652
700
741
770
785
791
786
770
749
712
666
606
533
453
367
272
171
73
-29
-135
-233
-330
-422
-506
-586
-655
-717
-772
-811
-847
-869
-876
-875
-866
-846
-815
-772
-719
-653
-578
-492
-397
-296
-195
-90
16
118
220
316
403
486
557
623
677
723
756
781
791
789
780
762
733
692
637
571
496
410
323
225
121
18
-82
-184
-282
-376
-464
-548
-622
-688
-745
-791
-829
-858
-876
-880
-870
-855
-829
-795
-746
-690
-614
-532
-443
-347
-244
-142
-38
70
170
269
362
443
523
593
652
705
742
771
788
790
786
770
749
714
664
604
534
454
365
272
171
70
-35
-137
-236
-332
-423
-508
-586
-655
-722
-772
-815
-847
-870
-875
-875
-863
-849
-815
-774
-722
-652
-579
-492
-398
-300
-195
-92
15
117
216
313
401
484
560
620
680
725
757
779
791
786
780
759
732
690
633
569
494
408
316
222
120
18
-85
-185
-285
-378
-467
-549
-624
-692
-745
-795
-832
-861
-875
-878
-873
-857
-834
-795
-750
-688
-617
-535
-448
-348
-248
-146
-40
67
168
264
355
439
519
591
648
700
739
770
785
791
784
770
748
712
664
604
533
453
366
271
171
71
-30
-136
-233
-331
-420
-506
-586
-656
-720
-770
-814
-847
-869
-877
-877
-866
-847
-818
-776
-724
-658
-581
-497
-403
-306
-201
-97
10
112
213
309
393
479
557
618
673
719
754
778
789
788
782
761
734
692
638
572
501
414
324
230
126
24
-78
-177
-278
-375
-461
-544
-620
-687
-745
-791
-830
-858
-875
-878
-871
-856
-834
-801
-753
-693
-618
-540
-452
-352
-250
-150
-44
61
163
264
354
438
520
589
649
701
737
767
786
790
786
774
748
716
666
606
535
455
371
275
178
75
-27
-132
-229
-328
-418
-502
-583
-652
-713
-767
-809
-847
-870
-876
-875
-864
-848
-818
-775
-724
-655
-580
-494
-401
-303
-199
-97
11
113
214
307
394
478
555
621
675
723
754
782
791
790
780
763
733
691
640
573
495
412
323
227
120
19
-81
-183
-281
-375
-462
-548
-621
-689
-744
-793
-831
-858
-878
-877
-870
-856
-831
-797
-751
-690
-619
-536
-447
-351
-248
-148
-41
64
167
264
359
438
520
590
649
700
735
770
786
789
787
770
753
714
667
603
532
455
370
276
178
74
-28
-130
-232
-327
-419
-504
-586
-654
-716
-772
-814
-849
-869
-877
-876
-867
-846
-819
-776
-724
-654
-579
-491
-399
-299
-198
-90
16
118
217
313
398
484
558
620
675
719
757
780
786
789
781
760
731
690
636
568
495
410
318
221
122
20
-79
-184
-285
-376
-466
-547
-621
-688
-745
-793
-831
-861
-875
-879
-872
-858
-835
-802
-752
-692
-619
-537
-451
-351
-248
-149
-42
64
166
263
354
439
521
588
649
698
738
766
786
790
785
774
747
714
669
606
537
457
369
276
176
76
-29
-133
-230
-327
-418
-500
-582
-655
-714
-770
-812
-846
-870
-879
-876
-867
-848
-820
-778
-725
-660
-584
-499
-409
-310
-206
-102
4
109
207
304
389
477
553
616
669
720
753
780
788
787
782
764
737
695
644
577
502
419
329
233
133
29
-73
-175
-273
-368
-460
-539
-615
-684
-738
-789
-824
-857
-874
-877
-871
-858
-836
-798
-754
-694
-623
-542
-452
-359
-257
-153
-50
56
161
257
348
433
516
586
644
699
737
768
787
789
786
775
751
719
670
612
545
463
377
282
185
82
-22
-122
-220
-319
-407
-497
-575
-649
-711
-764
-808
-844
-868
-876
-875
-867
-847
-819
-778
-725
-661
-584
-500
-411
-308
-206
-105
6
109
210
306
392
477
551
618
673
722
752
778
790
788
780
765
737
695
641
576
500
417
329
232
131
27
-75
-175
-277
-369
-460
-541
-615
-683
-741
-787
-830
-856
-874
-876
-871
-857
-835
-798
-754
-692
-621
-543
-452
-358
-257
-152
-47
60
162
258
352
436
518
586
647
699
739
769
785
790
786
774
751
717
669
610
540
459
375
279
183
79
-22
-123
-224
-324
-410
-501
-579
-649
-714
-767
-810
-847
-869
-877
-876
-868
-848
-818
-779
-728
-663
-587
-501
-410
-309
-208
-104
4
106
207
304
388
473
550
614
674
721
750
777
787
787
780
764
735
696
642
576
501
417
330
231
131
29
-73
-172
-273
-368
-456
-538
-614
-681
-739
-789
-827
-859
-875
-878
-873
-859
-839
-803
-754
-697
-627
-543
-458
-361
-257
-154
-51
52
156
251
346
432
513
585
644
695
736
766
782
791
785
774
752
715
669
612
541
463
376
282
184
84
-20
-122
-221
-319
-410
-496
-579
-650
-713
-765
-809
-844
-868
-877
-875
-866
-847
-819
-780
-728
-659
-587
-502
-410
-309
-205
-106
2
108
209
303
391
475
550
616
670
721
751
780
789
789
783
762
738
699
646
580
505
423
332
238
137
33
-70
-172
-270
-363
-452
-534
-612
-679
-739
-787
-826
-854
-874
-879
-871
-858
-835
-802
-755
-698
-626
-545
-458
-362
-258
-157
-51
57
157
252
346
430
513
584
643
698
735
770
785
792
789
773
754
719
672
613
542
463
373
284
183
84
-23
-125
-222
-322
-413
-499
-576
-652
-715
-766
-811
-846
-866
-878
-874
-863
-847
-816
-779
-725
-657
-585
-499
-408
-307
-202
-101
7
110
208
305
393
476
552
613
673
719
752
779
791
792
779
764
739
694
642
573
498
416
325
230
126
24
-77
-179
-277
-374
-461
-544
-619
-686
-745
-792
-830
-860
-875
-878
-870
-858
-835
-799
-751
-690
-619
-537
-447
-350
-249
-146
-43
64
165
263
358
435
521
588
647
702
739
769
786
790
785
773
749
715
665
604
534
454
369
275
176
77
-28
-133
-230
-327
-419
-504
-584
-654
-717
-770
-811
-845
-869
-878
-874
-870
-847
-822
-779
-727
-661
-586
-501
-410
-309
-206
-103
6
106
206
305
391
474
551
615
673
719
751
779
785
787
779
761
734
696
642
579
504
417
328
232
129
29
-74
-178
-276
-369
-460
-541
-617
-687
-743
-790
-828
-858
-874
-878
-872
-859
-835
-803
-755
-698
-625
-547
-459
-362
-257
-155
-50
56
157
257
344
434
516
583
646
695
735
769
784
791
790
770
753
716
670
612
541
462
374
283
183
82
-21
-125
-225
-322
-412
-498
-579
-653
-713
-766
-811
-846
-869
-878
-876
-866
-847
-819
-778
-725
-657
-581
-498
-404
-306
-204
-97
7
112
211
309
395
476
554
618
669
720
752
781
789
789
785
764
738
698
643
579
502
422
332
236
134
33
-70
-170
-268
-366
-454
-537
-614
-679
-738
-788
-827
-856
-872
-878
-871
-855
-834
-799
-755
-694
-624
-544
-456
-361
-259
-153
-50
55
157
255
347
434
514
585
646
695
737
766
784
791
785
776
750
719
674
612
543
463
378
284
185
84
-19
-122
-221
-322
-410
-498
-575
-651
-714
-763
-812
-843
-868
-878
-877
-866
-849
-816
-778
-724
-660
-586
-500
-407
-307
-206
-104
6
108
209
303
392
476
553
617
674
720
753
780
789
788
784
763
735
693
641
574
502
417
329
231
129
28
-76
-177
-279
-371
-462
-543
-619
-687
-746
-792
-829
-858
-876
-879
-872
-857
-835
-801
-753
-693
-620
-540
-453
-357
-253
-150
-49
60
161
259
353
435
519
587
649
698
737
768
786
790
784
769
750
713
667
605
535
458
371
275
179
74
-26
-131
-229
-328
-418
-504
-583
-654
-717
-771
-813
-847
-870
-878
-877
-865
-846
-815
-774
-724
-655
-580
-493
-400
-300
-195
-93
14
117
217
311
400
484
557
623
677
723
754
781
788
788
779
759
728
690
633
566
489
408
312
217
115
14
-89
-191
-290
-385
-467
-552
-626
-691
-750
-796
-835
-860
-877
-876
-872
-856
-833
-794
-748
-688
-617
-537
-446
-347
-247
-146
-39
69
169
269
357
440
522
594
652
699
741
772
786
791
784
773
748
716
664
607
533
454
369
275
176
73
-31
-133
-231
-327
-419
-505
-586
-654
-719
-771
-813
-845
-867
-875
-875
-863
-844
-816
-774
-718
-654
-578
-491
-399
-298
-196
-92
15
117
218
314
400
484
558
622
678
722
753
782
790
788
782
763
734
694
639
574
497
418
325
229
125
26
-78
-179
-277
-373
-460
-544
-618
-685
-742
-790
-828
-858
-876
-875
-871
-857
-835
-799
-750
-691
-619
-539
-450
-355
-252
-148
-44
64
162
260
353
435
518
589
650
699
738
767
787
792
784
776
749
715
668
606
538
458
371
279
176
74
-27
-134
-232
-328
-420
-505
-582
-656
-718
-773
-813
-845
-868
-879
-876
-866
-846
-816
-778
-723
-656
-579
-498
-402
-305
-201
-98
9
113
211
306
395
477
551
618
673
719
752
778
788
788
779
760
734
693
641
572
501
414
325
229
125
24
-75
-179
-278
-373
-460
-542
-619
-686
-743
-791
-829
-858
-876
-878
-873
-859
-838
-804
-755
-695
-624
-542
-456
-360
-258
-153
-47
56
161
255
349
431
513
584
643
695
736
764
783
788
784
775
749
714
668
611
539
462
372
279
181
79
-24
-125
-224
-324
-413
-500
-580
-651
-715
-768
-807
-845
-870
-878
-876
-870
-848
-822
-780
-729
-663
-589
-502
-412
-314
-211
-108
2
106
206
301
390
473
548
615
669
718
749
777
788
786
781
764
737
697
644
578
503
422
330
233
133
30
-72
-172
-270
-365
-455
-539
-614
-683
-741
-787
-827
-858
-874
-877
-872
-857
-837
-802
-757
-696
-624
-543
-455
-362
-259
-156
-53
52
156
251
344
430
513
585
645
695
734
765
785
790
787
774
753
717
673
612
540
462
373
282
185
83
-22
-124
-223
-322
-414
-498
-579
-648
-712
-765
-809
-843
-869
-878
-874
-868
-848
-819
-779
-726
-660
-584
-499
-407
-308
-206
-103
8
109
207
306
392
477
553
616
671
721
756
777
790
786
780
766
733
697
642
579
503
419
328
231
131
26
-76
-174
-277
-368
-460
-540
-616
-685
-741
-787
-826
-857
-875
-878
-871
-859
-837
-801
-754
-695
-622
-541
-457
-360
-257
-156
-48
55
157
254
349
433
513
585
645
696
735
768
785
790
786
773
752
717
669
610
541
462
375
282
182
82
-21
-125
-223
-324
-413
-501
-579
-651
-715
-767
-811
-845
-871
-878
-876
-868
-849
-821
-780
-729
-663
-587
-502
-410
-310
-208
-106
5
108
206
304
389
475
550
615
673
720
752
779
789
785
780
763
731
696
642
578
502
420
328
233
131
28
-75
-177
-276
-370
-458
-540
-615
-684
-743
-790
-830
-858
-876
-879
-874
-858
-837
-801
-753
-695
-622
-541
-452
-358
-253
-151
-45
60
160
259
353
434
517
586
647
696
735
768
785
789
786
773
750
715
669
611
540
463
376
282
185
81
-21
-124
-226
-319
-412
-498
-575
-651
-713
-766
-813
-845
-867
-878
-874
-866
-850
-821
-779
-726
-660
-587
-502
-409
-310
-210
-105
3
105
205
301
387
475
551
616
671
718
753
779
789
787
782
764
735
695
645
577
504
418
328
231
134
29
-73
-176
-274
-366
-457
-540
-615
-683
-739
-789
-825
-857
-874
-876
-872
-856
-835
-801
-750
-695
-620
-541
-455
-358
-257
-152
-46
58
164
261
353
434
519
588
648
698
739
772
787
791
788
771
752
717
669
611
539
461
374
281
181
80
-23
-124
-227
-323
-413
-500
-580
-653
-714
-764
-809
-844
-866
-876
-875
-863
-847
-819
-775
-720
-657
-582
-494
-404
-304
-202
-97
9
116
213
309
396
482
553
620
676
721
756
780
789
790
780
763
732
694
638
574
499
419
325
231
128
28
-77
-178
-278
-371
-460
-541
-619
-685
-743
-789
-830
-856
-875
-876
-871
-857
-836
-797
-752
-690
-619
-538
-452
-354
-254
-148
-43
64
163
262
352
435
518
588
649
700
738
771
785
791
787
774
749
716
668
609
536
456
371
276
174
75
-27
-132
-231
-329
-419
-505
-583
-657
-715
-767
-813
-844
-869
-878
-873
-862
-846
-814
-776
-723
-656
-579
-496
-402
-303
-201
-94
11
114
217
310
398
483
556
619
678
724
755
779
787
787
779
760
732
694
637
569
499
412
321
227
124
21
-81
-180
-279
-373
-462
-546
-618
-687
-747
-791
-830
-859
-876
-879
-871
-857
-833
-798
-751
-692
-620
-540
-450
-355
-252
-148
-42
61
167
264
356
437
521
586
649
700
737
771
785
791
784
773
749
718
665
609
535
459
369
275
180
72
-26
-133
-231
-327
-420
-506
-586
-656
-718
-767
-811
-846
-869
-877
-874
-866
-846
-814
-773
-718
-652
-576
-492
-399
-300
-198
-90
15
118
218
314
397
485
559
623
677
722
755
782
790
789
780
761
732
691
636
572
495
411
319
226
123
20
-81
-185
-280
-374
-465
-548
-621
-687
-745
-792
-828
-857
-875
-878
-871
-857
-834
-795
-749
-687
-616
-534
-445
-348
-245
-144
-37
65
172
265
361
441
523
590
653
702
740
771
786
790
786
773
746
714
665
602
531
454
365
270
173
70
-30
-136
-237
-333
-424
-507
-586
-656
-716
-771
-813
-847
-870
-877
-875
-862
-846
-812
-775
-718
-653
-573
-488
-398
-297
-194
-90
16
120
217
314
401
487
559
622
678
724
755
781
788
789
780
761
732
693
637
570
493
410
322
221
121
19
-80
-183
-282
-374
-463
-547
-622
-687
-746
-794
-830
-859
-874
-876
-871
-857
-833
-795
-749
-689
-616
-538
-447
-348
-248
-145
-42
66
166
267
354
437
519
589
651
698
739
770
782
789
785
770
750
714
664
604
535
455
367
273
175
73
-28
-135
-233
-331
-421
-506
-585
-657
-719
-775
-815
-847
-872
-877
-875
-867
-847
-816
-773
-718
-652
-572
-490
-397
-296
-193
-86
16
121
220
312
401
485
558
621
677
722
755
781
789
788
779
761
732
688
634
569
493
409
319
220
119
18
-85
-187
-283
-378
-465
-547
-623
-688
-747
-795
-831
-862
-876
-877
-870
-857
-834
-796
-748
-687
-617
-535
-446
-347
-249
-143
-41
67
166
267
356
440
522
591
651
699
741
771
785
791
787
773
750
715
663
605
533
454
369
275
174
71
-31
-137
-232
-331
-423
-507
-585
-655
-719
-772
-814
-847
-870
-876
-873
-866
-847
-819
-773
-720
-654
-575
-490
-398
-297
-199
-92
15
118
217
314
401
484
560
622
676
725
756
782
790
789
783
762
732
692
636
571
496
410
322
225
120
20
-84
-184
-283
-377
-465
-548
-622
-691
-747
-793
-831
-857
-875
-876
-871
-856
-832
-795
-746
-687
-611
-532
-443
-346
-242
-143
-37
71
172
269
361
441
525
593
654
705
740
772
789
792
785
773
746
713
664
602
530
452
365
271
172
70
-30
-135
-237
-332
-423
-506
-587
-659
-718
-773
-815
-847
-870
-879
-877
-864
-844
-815
-774
-721
-652
-575
-490
-398
-297
-195
-90
17
122
217
313
400
486
559
624
676
724
757
781
789
788
782
761
731
687
635
564
490
405
314
217
113
12
-91
-190
-292
-386
-472
-554
-628
-692
-750
-797
-837
-866
-878
-879
-871
-857
-834
-793
-745
-682
-609
-529
-436
-340
-236
-133
-25
80
181
279
368
449
532
599
656
706
741
772
787
788
781
771
744
706
653
595
521
442
354
258
157
57
-47
-151
-248
-345
-436
-520
-597
-668
-729
-779
-824
-853
-871
-880
-876
-863
-843
-813
-766
-711
-644
-565
-479
-385
-283
-182
-77
30
134
233
327
413
495
568
630
685
729
759
782
787
786
773
758
724
680
625
555
481
392
301
201
100
-1
-107
-205
-306
-396
-484
-564
-636
-701