35
7
3
10
10
11
25
299
568
308
10
21
8
17
6
26
239
527
348
20
25
26
15
26
21
125
359
274
38
7
11
9
10
19
114
455
431
76
21
12
20
9
24
62
392
419
115
15
2
9
11
3
18
105
134
50
11
9
4
7
16
20
322
514
213
24
17
5
12
5
4
12
7
5
7
8
2
17
11
16
203
475
306
23
5
10
9
3
16
44
119
94
12
9
10
6
8
9
72
292
278
52
19
14
8
13
13
41
258
278
70
5
7
2
2
12
18
143
190
69
12
6
9
9
12
15
161
244
104
7
12
7
11
5
9
131
248
132
5
6
7
5
6
1
7
12
7
1
4
2
4
3
6
19
52
42
10
2
0
1
2
3
11
44
40
8
6
3
3
2
1
10
50
52
15
6
3
1
1
2
3
27
32
13
0
2
1
1
1
1
18
31
12
4
1
1
0
1
2
18
35
18
1
1
1
1
1
2
9
18
12
1
2
1
2
1
1
1
1
1
1
1
1
1
1
1
2
13
10
2
2
1
0
2
2
5
20
25
6
1
1
1
1
1
1
16
20
9
0
2
2
0
1
2
11
18
7
4
1
1
1
1
2
14
27
15
2
2
2
1
2
1
10
21
13
3
2
1
0
1
2
6
14
12
2
2
0
2
1
2
2
1
1
0
1
1
2
1
4
7
38
41
12
4
2
2
1
1
4
30
36
14
4
3
0
1
1
1
17
24
10
1
1
1
1
1
1
14
29
15
1
2
2
2
1
1
8
21
13
1
1
0
1
1
1
0
5
3
2
2
1
1
1
0
1
9
7
2
2
1
1
1
0
1
1
2
1
1
1
0
1
1
1
3
3
1
0
1
1
2
1
1
1
3
0
1
1
1
1
1
0
7
13
6
1
2
2
1
0
1
5
15
9
1
1
1
1
1
2
4
11
10
0
1
1
2
2
1
4
16
17
2
1
1
0
1
1
4
16
20
5
0
1
1
1
1
1
0
1
1
2
1
1
1
0
0
4
4
4
1
1
1
1
0
1
5
5
5
1
2
1
1
1
1
3
7
4
1
2
1
1
1
0
2
4
4
2
1
0
0
1
1
1
2
4
1
0
0
1
1
1
0
4
4
1
1
1
1
1
1
1
1
1
1
1
1
1
0
0
1
1
1
0
1
0
1
1
1
1
4
5
3
1
0
1
1
1
1
4
8
5
1
1
1
1
1
1
3
6
5
1
1
1
1
1
1
2
4
4
1
1
1
1
1
1
2
5
7
1
1
1
0
1
0
1
4
6
1
2
0
1
1
1
1
3
4
2
1
1
1
1
1
1
1
0
1
1
1
1
0
1
0
4
13
7
1
1
1
1
1
1
3
10
7
1
2
1
1
1
1
1
5
5
1
1
1
1
0
1
0
6
6
1
1
1
1
1
1
1
2
4
1
1
1
1
1
0
1
2
1
1
0
1
1
1
0
1
1
1
1
1
1
1
1
1
1
1
1
1
1
0
1
1
1
1
1
2
2
0
1
1
1
1
1
1
1
1
1
0
1
0
1
1
0
4
2
1
1
1
1
1
1
1
2
4
1
1
1
0
1
1
1
2
4
1
1
1
1
1
1
2
2
5
2
1
1
1
1
1
1
2
6
3
1
0
1
0
1
0
1
1
1
1
1
0
1
1
0
1
1
2
1
1
1
1
1
1
0
1
1
1
1
1
1
1
1
1
2
1
1
1
0
1
1
1
0
1
0
1
1
1
1
1
0
1
1
1
1
1
0
0
1
0
1
1
1
1
0
1
1
1
1
1
0
1
1
1
1
0
1
1
0
1
1
0
1
1
1
0
1
1
1
1
1
0
1
1
1
1
1
1
0
1
0
0
1
1
0
1
1
1
0
1
1
0
1
0
1
1
1
1
1
1
1
1
1
1
1
1
2
1
1
0
1
1
1
0
1
0
1
1
1
1
1
1
1
1
1
1
1
1
1
1
1
1
1
1
1
1
0
1
1
0
1
1
1
1
1
1
1
1
0
0
1
1
1
1
1
1
0
1
0
1
1
0
1
1
1
1
1
1
1
0
1
0
1
1
1
1
1
1
1
1
1
0
1
1
1
1
1
1
1
1
1
1
1
1
1
1
0
1
1
1
1
1
1
1
1
1
1
0
0
1
1
1
1
0
1
0
1
1
1
1
0
1
1
1
0
1
1
0
1
1
1
1
0
1
1
1
1
0
0
1
0
1
0
1
0
1
1
1
1
1
0
1
1
1
1
1
1
1
1
1
1
1
1
0
1
1
1
1
1
1
0
1
0
1
1
0
0
0
1
1
0
1
0
1
0
1
1
1
1
1
1
1
1
1
1
0
1
1
0
1
0
1
1
1
1
1
1
1
1
1
1
0
1
0
0
1
1
1
0
1
1
0
1
1
1
0
1
1
0
1
1
1
1
0
1
0
0
0
1
1
1
0
1
1
1
0
1
1
1
1
0
1
1
1
1
1
1
1
1
1
1
1
0
1
1
0
1
1
1
1
0
0
1
1
1
1
0
1
1
1
0
1
1
1
0
1
0
1
1
0
1
1
1
1
1
1
0
1
0
1
1
0
1
1
0
1
1
1
1
1
1
1
0
1
1
1
1
0
1
1
1
1
1
1
1
0
1
1
1
0
1
0
1
1
0
2
0
1
1
1
1
0
1
1
2
1
1
1
1
0
1
1
0
1
0
1
1
1
1
1
1
1
1
2
1
1
1
1
0
1
0
1
2
0
0
1
1
1
0
1
1
1
1
1
1
1
0
1
1
1
1
1
1
1
0
1
1
0
1
1
0
1
1
1
1
0
1
1
0
2
1
1
0
1
1
1
1
0
1
1
0
1
1
0
1
1
2
1
1
1
1
1
1
1
1
2
4
1
1
1
0
1
1
1
1
2
2
1
0
1
1
1
1
2
4
3
1
0
1
1
1
0
2
6
4
1
1
1
0
1
1
1
0
2
1
1
0
0
1
1
1
2
1
1
2
0
1
0
1
0
2
1
1
1
0
1
0
1
0
3
2
2
1
0
1
1
1
0
1
1
1
1
1
1
0
1
0
1
1
2
1
1
0
1
1
1
1
3
1
1
1
1
1
1
1
1
1
2
0
1
1
1
1
0
1
1
0
1
1
1
1
1
1
1
1
0
1
0
1
1
1
1
1
1
4
0
1
1
1
1
0
1
2
2
2
1
1
1
1
0
1
2
2
2
0
1
1
1
1
1
2
5
4
1
2
1
1
1
0
2
4
4
2
1
1
0
1
1
1
3
4
2
2
1
1
1
1
1
0
2
1
1
1
1
1
1
0
8
12
6
1
1
1
0
1
1
8
13
8
1
0
1
1
1
1
4
8
6
1
1
1
1
0
1
4
12
7
2
1
1
0
1
1
2
8
8
1
0
0
1
1
1
0
4
1
1
1
1
1
1
0
0
5
5
4
1
1
1
1
0
1
1
1
1
0
0
1
1
1
1
1
0
0
1
0
1
1
1
1
1
1
1
1
1
1
0
1
1
2
7
5
1
0
1
1
1
1
2
9
8
2
1
1
1
1
1
2
7
9
2
1
1
1
0
2
4
11
16
4
1
1
1
1
2
2
12
19
8
0
2
1
1
1
0
1
2
1
1
1
0
0
1
2
4
4
5
1
1
1
1
1
2
4
8
6
2
1
1
1
1
0
2
10
9
2
2
1
1
0
1
2
6
5
2
2
1
0
1
1
2
6
9
2
1
1
1
1
1
1
7
9
6
1
1
1
1
1
1
2
4
2
1
0
1
1
2
1
1
1
1
1
2
1
1
1
1
3
7
7
1
2
1
1
1
1
4
12
12
1
1
0
1
1
1
2
10
10
2
1
1
1
1
1
2
7
11
3
2
0
0
1
1
2
9
18
6
1
1
1
2
1
1
9
16
8
2
2
1
1
1
2
7
13
10
3
3
1
1
1
2
0
1
1
3
1
1
1
1
2
11
47
41
9
4
2
2
1
1
8
38
41
12
4
2
0
2
1
2
23
29
11
3
1
1
0
1
1
25
41
18
2
2
2
1
2
1
16
32
14
0
2
1
1
0
0
4
6
5
3
1
1
1
0
3
6
15
12
1
1
1
1
1
1
2
1
1
0
1
2
1
1
2
4
17
20
4
2
1
1
1
2
2
8
13
4
2
1
1
1
1
3
36
58
26
2
5
3
2
1
1
40
80
39
1
4
1
1
2
2
32
75
51
6
4
3
6
4
11
45
127
96
10
8
6
4
7
7
43
161
147
30
8
9
1
5
1
1
6
6
3
2
2
0
2
5
9
51
64
22
9
7
2
3
2
4
64
101
40
10
3
5
6
1
8
86
164
92
8
7
4
4
1
6
59
127
73
7
12
7
7
10
9
64
195
149
15
4
5
5
5
18
91
361
326
61
13
8
7
12
11
68
326
364
91
21
13
17
6
8
10
6
8
11
4
16
13
7
15
13
277
436
179
5
2
5
8
7
5
252
485
256
4
7
8
2
7
3
121
295
184
10
9
10
10
2
7
75
201
155
15
15
15
5
8
11
70
267
249
49
22
9
4
6
7
36
194
204
53
10
14
6
7
10
15
133
171
62
5
15
8
5
4
12
43
62
