0
0
0
0
0
0
0
0
0
0
0
0
0
0
0
0
0
0
0
0
0
0
0
0
0
0
0
0
0
0
0
0
0
0
0
0
0
0
0
0
0
0
0
0
0
0
0
0
0
0
0
0
0
0
0
0
0
0
0
0
0
0
0
0
0
0
0
0
0
0
0
0
0
0
0
0
0
0
0
0
0
0
0
0
0
0
0
0
0
0
0
0
0
0
0
0
0
0
0
0
0
0
0
0
0
0
0
0
0
0
0
0
0
0
0
0
0
0
0
0
0
0
0
0
0
0
0
0
0
0
0
0
0
0
0
0
0
0
0
0
0
0
0
0
0
0
0
0
0
0
0
0
0
0
0
0
0
0
0
0
0
0
0
0
0
0
0
0
0
0
0
0
0
0
0
0
0
0
0
0
0
0
0
0
0
0
0
0
0
0
0
0
0
0
0
0
0
0
0
0
0
0
0
0
0
0
0
0
2
3
2
3
3
3
3
3
3
3
3
3
3
3
3
3
3
3
3
3
3
3
3
3
3
3
4
3
3
3
3
4
4
3
3
4
3
3
3
3
3
4
3
3
3
3
3
4
3
3
4
3
3
3
3
3
3
3
4
3
3
3
3
3
3
4
3
3
3
3
3
3
3
3
3
3
3
3
3
3
3
3
3
3
3
3
4
3
3
2
4
-33
-96
-95
-72
-73
-58
-32
-5
24
49
72
93
109
117
121
119
114
102
88
71
49
23
-6
-34
-60
-73
-47
-12
15
40
65
85
103
116
122
122
115
103
86
66
43
20
-5
-34
-59
-80
-97
-110
-117
-116
-110
-100
-81
-60
-35
-11
16
47
72
91
107
119
123
120
110
98
77
64
87
112
120
121
118
110
99
83
64
38
8
-20
-46
-69
-90
-105
-113
-116
-116
-108
-102
-113
-121
-114
-100
-85
-62
-47
-73
-102
-112
-116
-117
-112
-102
-91
-74
-50
-22
6
32
58
81
97
109
117
121
118
112
101
84
61
34
7
-22
-37
-8
32
57
79
98
112
117
107
87
65
38
10
-20
-36
-6
33
57
79
98
112
117
105
85
62
35
7
-21
-48
-72
-91
-104
-114
-118
-116
-109
-98
-83
-60
-32
-4
24
39
11
-30
-54
-76
-96
-109
-116
-120
-117
-105
-88
-68
-43
-28
-56
-89
-103
-112
-117
-118
-112
-103
-90
-67
-40
-13
15
31
1
-40
-63
-84
-102
-114
-117
-110
-96
-76
-52
-26
1
26
52
73
90
105
116
121
121
118
107
90
68
44
17
-10
-37
-60
-80
-99
-113
-119
-119
-116
-106
-88
-64
-38
-12
16
43
65
84
102
115
120
121
117
107
88
64
39
11
-6
23
63
83
100
113
120
121
117
108
91
70
46
19
-8
-35
-59
-79
-99
-113
-119
-119
-114
-104
-84
-60
-34
-7
21
50
73
92
109
120
122
116
105
89
67
38
12
-16
-32
-2
35
57
78
98
111
119
123
121
110
92
72
47
20
-7
-33
-56
-80
-99
-112
-116
-104
-83
-61
-36
-11
17
32
2
-36
-59
-79
-97
-110
-118
-123
-121
-111
-95
-75
-53
-27
-1
23
48
73
93
107
117
123
121
111
96
77
51
36
64
96
109
117
121
117
111
118
123
113
97
79
56
41
68
100
112
118
120
115
108
117
123
115
101
84
62
37
11
-14
-39
-65
-87
-102
-114
-123
-123
-116
-102
-86
-64
-50
-76
-106
-116
-120
-120
-114
-101
-84
-64
-40
-12
14
41
56
29
-7
-32
-56
-78
-96
-110
-120
-123
-119
-110
-98
-78
-66
-88
-114
-120
-120
-117
-106
-97
-110
-124
-121
-113
-101
-84
-64
-41
-19
7
36
60
82
91
68
34
9
-17
-43
-66
-87
-104
-116
-120
-119
-114
-100
-91
-107
-123
-121
-115
-104
-87
-68
-46
-24
0
29
53
75
92
107
116
118
114
107
90
80
98
117
119
114
105
92
71
47
24
-3
-32
-57
-78
-96
-112
-119
-120
-115
-105
-88
-67
-43
-17
9
37
62
81
99
112
117
115
107
94
76
53
26
1
-25
-52
-75
-93
-102
-84
-57
-33
-5
22
46
68
87
102
110
114
113
104
91
74
53
28
0
-28
-53
-65
-38
0
26
49
72
90
99
81
55
31
4
-22
-46
-68
-88
-102
-111
-117
-118
-112
-102
-89
-73
-51
-25
1
27
50
71
89
101
110
114
110
104
112
116
106
91
74
51
35
60
91
104
110
114
110
105
112
115
105
90
73
49
34
58
90
102
109
114
110
102
90
74
51
23
-4
-30
-54
-76
-92
-105
-114
-119
-115
-111
-117
-119
-110
-93
-75
-53
-27
-1
25
49
72
90
103
108
96
76
55
29
3
-21
-44
-66
-83
-97
-109
-117
-118
-116
-117
-111
-97
-76
-53
-26
-10
-36
-69
-86
-100
-112
-117
-118
-114
-105
-89
-66
-43
-16
-3
-33
-70
-89
-103
-114
-118
-117
-112
-101
-84
-62
-39
-13
2
-25
-60
-80
-96
-110
-117
-119
-116
-109
-93
-70
-47
-23
1
26
49
70
88
102
111
112
107
97
80
58
35
11
-16
-43
-65
-85
-102
-114
-117
-118
-113
-103
-86
-63
-39
-14
13
40
63
82
98
109
113
111
105
92
74
49
24
-2
-30
-57
-78
-96
-110
-118
-119
-117
-118
-115
-102
-83
-62
-38
-14
11
34
57
80
97
107
112
114
109
95
75
54
29
16
45
80
96
105
113
112
109
112
112
101
83
63
42
18
-5
-26
-49
-73
-92
-106
-116
-122
-121
-113
-100
-85
-65
-45
-23
1
26
52
75
92
100
84
57
33
6
-21
-46
-61
-36
0
25
50
72
91
99
81
53
28
-1
-27
-53
-68
-45
-9
16
42
66
86
101
112
117
113
103
90
71
49
27
4
-22
-50
-73
-92
-102
-84
-55
-31
-4
23
47
70
91
105
113
115
111
100
92
106
119
115
104
91
73
53
31
8
-18
-46
-70
-91
-100
-80
-49
-23
5
32
57
71
47
16
-9
-35
-60
-81
-100
-114
-121
-121
-116
-107
-91
-81
-100
-120
-123
-119
-111
-97
-78
-57
-34
-8
22
47
70
82
60
29
2
-25
-51
-74
-94
-111
-120
-121
-117
-108
-95
-78
-59
-37
-12
17
43
68
80
56
22
-4
-30
-56
-78
-98
-113
-121
-121
-116
-105
-87
-66
-42
-17
10
39
64
84
99
112
118
116
108
97
79
57
32
9
-18
-46
-71
-90
-106
-119
-123
-120
-111
-98
-79
-66
-89
-113
-120
-120
-117
-109
-97
-81
-61
-36
-7
21
47
71
91
105
113
116
115
106
100
111
121
116
103
89
68
55
78
105
114
116
115
110
100
86
68
44
16
-13
-40
-65
-87
-102
-113
-119
-120
-116
-108
-96
-78
-53
-25
4
32
47
18
-22
-48
-71
-92
-108
-114
-102
-80
-57
-31
-3
27
41
12
-28
-51
-74
-94
-108
-114
-101
-79
-56
-28
0
28
54
77
95
106
114
118
115
107
96
81
58
30
4
-23
-39
-8
33
57
78
98
111
118
120
115
103
84
64
38
22
51
85
101
110
117
118
113
105
92
71
44
18
-10
-26
4
44
67
86
103
114
118
110
95
75
51
24
-3
-30
-55
-75
-93
-108
-117
-120
-120
-119
-111
-95
-75
-52
-27
1
28
51
73
93
109
117
119
114
102
83
59
33
7
-20
-46
-67
-85
-102
-115
-120
-121
-119
-110
-94
-71
-47
-19
-4
-34
-72
-91
-106
-117
-121
-120
-112
-100
-83
-58
-33
-7
20
46
69
88
105
117
120
118
111
99
79
56
30
4
-24
-52
-73
-91
-109
-119
-121
-118
-109
-96
-77
-51
-27
1
17
-14
-51
-72
-90
-106
-116
-121
-122
-117
-103
-83
-61
-36
-10
16
41
63
85
103
114
117
106
86
64
38
12
-17
-33
-5
34
56
77
96
110
118
123
122
112
96
77
54
29
3
-21
-44
-69
-89
-104
-115
-122
-122
-114
-99
-82
-58
-44
-70
-101
-113
-118
-119
-113
-106
-116
-123
-117
-102
-87
-64
-50
-76
-106
-116
-119
-118
-110
-102
-114
-123
-118
-106
-91
-71
-47
-22
3
29
58
82
100
113
122
123
116
104
87
63
49
74
104
114
118
121
116
104
88
68
43
14
-12
-39
-54
-27
11
35
60
82
99
111
121
123
118
108
95
74
62
85
112
119
121
118
108
99
112
124
121
111
99
81
58
35
13
-13
-42
-66
-87
-97
-76
-45
-18
9
36
61
82
101
113
119
120
115
103
92
107
123
121
114
104
89
70
48
26
0
-29
-54
-76
-94
-109
-117
-118
-113
-105
-88
-78
-97
-117
-119
-115
-106
-92
-72
-48
-25
3
32
57
78
96
111
119
119
115
105
89
68
44
19
-8
-35
-60
-80
-98
-111
-117
-116
-110
-99
-81
-58
-33
-8
19
47
70
90
100
80
53
29
3
-23
-48
-70
-89
-103
-111
-114
-113
-104
-92
-76
-56
-32
-3
24
49
62
34
-5
-31
-54
-75
-93
-101
-85
-60
-36
-10
17
42
64
84
99
110
117
119
113
104
92
75
53
25
-1
-27
-51
-73
-90
-103
-111
-114
-109
-104
-112
-116
-107
-94
-76
-53
-37
-62
-92
-104
-110
-114
-109
-104
-112
-115
-107
-92
-75
-52
-36
-61
-92
-104
-110
-114
-110
-102
-91
-75
-52
-25
2
27
51
73
90
103
114
119
116
113
118
118
109
92
73
50
24
-3
-28
-52
-74
-92
-104
-109
-98
-79
-58
-32
-5
20
44
68
85
99
111
118
117
114
117
115
103
84
65
39
23
50
83
98
109
116
118
114
106
93
75
51
28
1
-11
21
60
81
98
111
117
117
114
105
89
67
45
18
3
30
64
83
99
111
116
118
115
105
89
66
42
18
-7
-31
-54
-73
-91
-105
-111
-112
-107
-96
-78
-55
-30
-4
24
51
72
91
107
117
118
115
108
95
75
50
24
-3
-30
-57
-78
-94
-106
-113
-112
-108
-99
-85
-65
-41
-16
8
34
59
80
96
109
118
118
117
118
114
100
81
60
36
14
-10
-34
-55
-76
-94
-105
-112
-115
-111
-100
-82
-62
-38
-25
-52
-86
-100
-108
-114
-111
-107
-111
-113
-103
-85
-66
-46
-22
1
23
47
71
90
104
116
122
122
114
99
83
63
42
19
-4
-29
-55
-77
-94
-102
-86
-59
-36
-8
18
44
60
34
-2
-27
-52
-75
-93
-101
-85
-59
-35
-9
18
44
59
35
-2
-28
-51
-74
-92
-105
-114
-117
-111
-98
-82
-64
-41
-19
4
29
56
79
96
105
87
58
33
5
-23
-49
-72
-93
-107
-114
-115
-110
-98
-90
-104
-119
-116
-106
-94
-77
-57
-35
-13
13
43
67
88
99
79
48
24
-3
-28
-54
-67
-43
-10
16
42
67
88
104
117
122
121
113
102
85
74
95
118
122
120
114
102
85
66
44
18
-11
-38
-63
-76
-53
-22
3
29
54
77
88
64
29
3
-23
-50
-73
-92
-107
-116
-117
-111
-101
-84
-63
-40
-17
9
38
64
83
101
116
122
122
115
104
85
72
94
116
121
120
116
107
95
78
58
33
5
-22
-48
-71
-91
-105
-113
-116
-114
-106
-99
-111
-121
-116
-104
-90
-71
-58
-81
-108
-115
-116
-114
-106
-93
-77
-59
-33
-3
25
51
74
96
109
116
120
119
111
100
85
66
41
11
-17
-45
-60
-33
5
31
57
79
98
107
91
66
41
14
-13
-40
-54
-25
14
40
65
88
105
111
98
75
50
23
-6
-34
-60
-83
-101
-111
-116
-116
-109
-98
-84
-66
-42
-13
14
41
56
28
-11
-36
-60
-83
-99
-111
-118
-119
-112
-96
-78
-54
-38
-63
-96
-108
-113
-117
-115
-107
-97
-81
-58
-30
-3
25
41
12
-29
-53
-74
-94
-108
-113
-103
-85
-62
-35
-8
20
48
73
91
104
116
121
119
117
120
119
106
87
66
41
15
-13
-38
-60
-84
-102
-113
-117
-108
-93
-72
-47
-22
6
32
57
77
93
108
118
121
120
115
104
86
61
35
7
-9
21
60
81
99
113
120
121
117
106
87
62
37
8
-9
21
59
81
98
112
119
121
118
109
93
70
47
19
3
32
67
85
100
113
120
121
115
102
84
60
35
9
-19
-45
-68
-87
-105
-117
-120
-119
-119
-113
-97
-77
-54
-28
-1
25
48
70
91
107
117
120
111
94
73
47
22
-5
-32
-57
-78
-96
-110
-119
-120
-116
-107
-93
-72
-46
-20
8
24
-5
-43
-65
-84
-101
-113
-120
-123
-119
-107
-89
-67
-43
-16
11
35
58
81
99
112
120
123
120
107
89
67
42
15
-12
-37
-60
-82
-101
-112
-119
-123
-119
-107
-88
-67
-41
-26
-54
-89
-104
-114
-120
-120
-112
-100
-83
-60
-33
-6
21
48
74
93
107
118
121
116
111
118
123
114
99
81
57
43
69
101
113
118
119
114
102
85
65
39
10
-18
-44
-69
-90
-105
-115
-120
-120
-112
-98
-80
-58
-33
-4
23
50
64
38
1
-24
-50
-73
-93
-101
-81
-50
-24
2
28
53
67
40
4
-22
-47
-71
-91
-100
-80
-49
-23
3
30
54
77
97
109
116
118
115
104
88
67
45
20
-9
-36
-61
-74
-48
-14
10
36
61
81
98
111
119
118
112
103
86
74
94
116
120
116
109
95
76
53
31
5
-25
-50
-72
-91
-107
-117
-120
-118
-111
-97
-78
-56
-33
-7
21
47
70
82
59
26
-1
-28
-54
-78
-89
-66
-32
-6
20
45
69
81
58
24
0
-27
-52
-75
-85
-60
-24
3
30
55
77
95
110
117
116
110
100
83
61
36
11
-16
-45
-69
-89
-99
-81
-55
-32
-6
20
45
66
85
101
110
114
114
105
97
109
119
114
103
88
70
46
19
-5
-30
-57
-79
-96
-105
-88
-63
-39
-11
15
42
54
26
-12
-37
-61
-82
-98
-110
-119
-120
-115
-104
-90
-68
-53
-75
-102
-112
-117
-118
-113
-104
-91
-75
-54
-25
1
27
40
10
-28
-53
-74
-92
-105
-115
-120
-119
-110
-96
-79
-58
-33
-7
18
42
66
86
100
106
93
71
49
22
-4
-29
-53
-74
-91
-104
-114
-118
-116
-109
-99
-85
-65
-39
-13
12
35
57
77
92
104
112
112
108
101
88
69
44
20
-5
-29
-51
-70
-88
-103
-114
-118
-118
-116
-107
-91
-70
-47
-21
5
31
56
76
93
106
111
112
110
101
85
64
40
16
-12
-40
-63
-83
-100
-113
-117
-118
-114
-106
-90
-67
-44
-18
6
30
53
73
92
105
111
112
108
99
82
61
37
12
-15
-43
-64
-84
-102
-114
-117
-117
-114
-104
-89
-67
-43
-17
10
37
60
80
96
108
112
112
107
96
80
57
32
7
-21
-48
-70
-90
-106
-116
-118
-117
-118
-113
-100
-81
-60
-38
-15
8
31
52
74
92
104
112
115
112
102
84
64
41
28
54
86
101
108
114
112
108
112
113
100
81
60
38
13
-12
-34
-58
-81
-99
-110
-118
-121
-117
-105
-87
-67
-45
-23
1
24
47
71
90
103
108
97
76
53
27
0
-27
-42
-16
21
44
66
85
100
107
93
71
48
21
-6
-33
-49
-24
12
36
59
80
96
107
115
116
109
95
80
60
38
16
-7
-31
-58
-81
-98
-106
-89
-62
-38
-12
16
42
65
87
103
112
114
112
102
93
106
119
115
104
90
73
53
32
9
-16
-44
-68
-88
-99
-79
-47
-23
4
31
57
69
47
15
-12
-38
-63
-84
-101
-115
-122
-121
-114
-104
-86
-76
-96
-118
-122
-119
-114
-101
-85
-65
-43
-18
11
37
61
81
99
111
115
115
109
96
79
59
36
11
-20
-46
-70
-84
-62
-28
-2
24
49
73
84
61
27
1
-28
-54
-77
-91
-71
-41
-14
13
39
64
84
101
112
116
115
108
97
82
65
44
18
-11
-38
-64
-76
-51
-14
12
38
63
84
100
112
119
117
108
96
76
63
84
110
116
115
113
106
93
79
61
36
9
-18
-44
-59
-31
10
35
58
81
98
106
91
68
44
16
-12
-39
-64
-87
-103
-113
-119
-121
-115
-111
-118
-123
-115
-100
-83
-60
-34
-8
16
41
67
87
103
109
96
75
50
23
-5
-33
-59
-82
-98
-110
-118
-121
-118
-110
-98
-81
-58
-29
-1
28
44
16
-24
-49
-72
-93
-108
-118
-122
-121
-112
-96
-77
-53
-26
2
27
52
78
97
110
117
119
116
104
86
66
41
13
-14
-40
-63
-87
-104
-115
-121
-122
-117
-105
-87
-67
-42
-26
-55
-90
-104
-113
-120
-120
-116
-107
-93
-70
-42
-14
14
40
66
87
101
112
118
116
113
118
117
105
87
67
42
27
55
89
103
112
117
117
112
103
90
68
40
14
-12
-40
-64
-82
-97
-110
-119
-121
-119
-113
-103
-84
-60
-35
-7
19
45
66
85
101
113
119
119
116
107
89
67
42
14
-2
27
65
85
101
114
119
118
113
101
83
60
36
8
-9
20
59
79
95
109
118
120
119
112
96
74
50
22
5
34
72
90
104
116
120
119
119
112
95
73
49
23
-4
-31
-54
-75
-95
-109
-117
-120
-112
-96
-75
-50
-23
4
32
58
80
97
112
120
120
117
120
119
106
87
66
42
15
-12
-36
-59
-83
-101
-113
-120
-122
-119
-106
-88
-67
-41
-25
-54
-89
-104
-114
-120
-120
-112
-100
-83
-60
-33
-6
22
48
72
91
106
117
121
118
109
96
78
55
28
1
-24
-50
-74
-92
-105
-116
-121
-118
-109
-96
-80
-56
-29
-4
25
40
11
-26
-49
-70
-90
-106
-115
-122
-122
-114
-100
-82
-60
-35
-11
14
39
64
84
101
108
89
62
37
10
-17
-44
-59
-33
3
28
53
76
94
108
119
123
119
111
97
79
57
35
12
-13
-40
-65
-85
-101
-113
-119
-118
-111
-100
-81
-69
-90
-114
-119
-117
-113
-100
-90
-105
-121
-120
-112
-101
-83
-71
-92
-115
-119
-117
-112
-100
-89
-104
-120
-119
-112
-102
-86
-66
-44
-22
4
32
58
79
97
111
119
120
116
108
92
81
99
119
122
117
110
95
83
101
119
121
117
110
98
81
62
42
17
-13
-38
-63
-74
-47
-11
16
41
64
84
101
113
120
119
113
103
86
73
94
115
120
118
112
101
84
65
44
20
-10
-36
-60
-80
-98
-110
-115
-115
-111
-98
-89
-104
-119
-117
-109
-97
-80
-58
-32
-6
20
48
72
90
105
116
120
117
109
96
77
54
28
3
-24
-50
-73
-91
-105
-115
-117
-111
-99
-83
-62
-36
-9
17
43
68
89
104
110
96
75
53
27
1
-26
-49
-71
-89
-101
-111
-114
-110
-102
-90
-73
-51
-23
4
30
44
15
-24
-48
-69
-87
-101
-107
-94
-72
-51
-24
3
28
52
73
91
105
114
118
115
108
97
81
60
33
7
-19
-42
-65
-84
-98
-108
-114
-111
-108
-112
-113
-103
-85
-66
-41
-24
-48
-81
-95
-104
-112
-112
-110
-112
-109
-97
-77
-55
-30
-13
-39
-72
-89
-100
-109
-112
-110
-104
-94
-75
-51
-26
-2
22
46
66
84
101
112
117
118
115
105
90
68
44
17
1
28
62
81
97
110
116
119
118
110
96
75
54
29
16
44
80
97
108
117
118
115
108
95
78
54
30
3
-12
15
49
71
90
105
114
119
118
112
98
77
54
30
7
-18
-41
-63
-84
-99
-108
-112
-104
-88
-68
-44
-19
7
35
62
82
98
111
118
118
114
104
91
71
46
21
-5
-31
-57
-78
-93
-105
-113
-113
-108
-99
-86
-66
-40
-15
11
39
64
85
101
112
120
118
114
118
117
105
87
66
42
18
-7
-31
-55
-77
-95
-106
-112
-114
-110
-98
-80
-60
-36
-23
-50
-84
-99
-107
-113
-112
-108
-112
-113
-102
-84
-65
-44
-21
2
24
47
70
91
105
115
122
122
114
101
84
64
43
21
-2
-27
-53
-74
-92
-100
-84
-57
-33
-5
21
48
63
38
2
-22
-46
-69
-89
-98
-80
-51
-27
0
26
52
65
41
6
-21
-46
-69
-89
-103
-113
-117
-113
-101
-86
-68
-47
-25
-2
24
52
75
94
103
85
56
32
4
-24
-50
-73
-93
-107
-114
-114
-111
-98
-89
-104
-119
-117
-108
-96
-80
-62
-41
-18
8
37
62
83
95
74
41
16
-10
-35
-60
-74
-51
-19
7
34
59
80
98
113
121
121
116
108
93
84
103
122
123
118
109
94
74
53
29
3
-26
-53
-75
-86
-67
-37
-11
18
45
68
89
107
117
121
119
114
103
88
70
49
22
-8
-34
-60
-73
-48
-12
14
40
65
86
103
117
122
121
114
102
85
64
41
18
-8
-37
-61
-81
-98
-111
-118
-116
-110
-99
-81
-60
-35
-11
15
44
69
89
106
118
122
121
111
98
78
63
87
112
119
120
118
111
100
85
65
41
12
-16
-41
-65
-86
-102
-111
-116
-117
-110
-104
-114
-121
-113
-99
-83
-60
-45
-70
-101
-111
-115
-117
-113
-103
-91
-75
-51
-24
4
30
56
79
96
108
117
121
119
113
104
89
68
41
14
-16
-32
-2
37
61
82
100
113
118
109
90
68
40
14
-16
-33
-4
36
60
82
101
113
118
109
91
69
43
16
-12
-38
-63
-84
-99
-111
-118
-118
-113
-105
-91
-69
-42
-15
14
29
0
-40
-64
-84
-103
-114
-118
-118
-113
-100
-79
-58
-32
-15
-43
-79
-95
-107
-117
-119
-116
-110
-99
-80
-54
-29
-1
15
-15
-56
-77
-94
-109
-118
-119
-115
-105
-86
-62
-37
-11
17
44
64
84
102
114
120
121
118
109
92
68
44
14
-3
27
65
85
101
114
120
120
116
106
87
65
41
15
-11
-37
-61
-81
-100
-114
-119
-119
-114
-103
-84
-60
-35
-8
20
48
71
90
108
118
121
117
109
95
75
48
23
-6
-22
7
45
66
85
102
114
120
123
119
106
87
65
40
14
-13
-38
-61
-83
-101
-113
-117
-106
-87
-65
-40
-13
15
31
2
-37
-60
-80
-99
-112
-119
-123
-121
-110
-93
-74
-49
-24
1
25
48
73
92
107
116
122
122
113
99
81
57
43
70
101
112
119
120
114
107
116
123
116
101
83
60
45
70
101
113
118
120
114
107
116
124
115
101
85
63
39
14
-11
-36
-62
-85
-101
-114
-122
-123
-116
-103
-87
-63
-50
-74
-105
-115
-120
-121
-114
-102
-86
-66
-43
-15
12
39
54
26
-12
-37
-62
-84
-100
-113
-122
-123
-118
-106
-91
-69
-55
-80
-108
-117
-120
-119
-110
-101
-113
-124
-121
-110
-97
-79
-58
-36
-13
11
39
63
83
91
69
35
7
-20
-46
-69
-90
-106
-117
-120
-118
-111
-97
-78
-55
-30
-4
23
50
71
90
106
115
117
114
104
89
68
44
21
-6
-34
-58
-80
-90
-69
-38
-13
14
40
65
77
52
17
-8
-34
-57
-79
-97
-110
-119
-120
-116
-107
-91
-79
-97
-117
-120
-118
-112
-100
-84
-66
-46
-21
8
34
58
69
43
6
-21
-46
-69
-89
-105
-116
-121
-119
-110
-98
-80
-57
-31
-5
21
48
72
90
100
82
56
32
4
-22
-47
-70
-91
-105
-114
-118
-117
-109
-96
-79
-60
-36
-7
20
45
67
87
102
110
114
113
105
91
74
55
31
2
-25
-49
-70
-90
-104
-112
-118
-118
-111
-106
-115
-121
-115
-101
-84
-63
-38
-11
14
39
64
84
97
108
116
116
108
94
77
55
39
63
93
105
111
114
109
104
111
115
107
91
72
51
24
-4
-29
-53
-77
-97
-108
-116
-120
-117
-107
-91
-71
-48
-22
6
31
55
76
94
105
109
100
81
62
36
10
-16
-30
-1
39
62
80
96
106
111
102
85
65
39
14
-12
-26
3
44
67
83
99
108
113
113
107
93
73
52
28
1
-26
-50
-72
-92
-107
-114
-117
-110
-96
-78
-54
-29
-4
20
44
66
84
99
109
112
112
111
105
90
69
47
23
-5
-33
-57
-79
-97
-110
-117
-118
-115
-104
-88
-66
-43
-17
-4
-34
-72
-91
-105
-115
-118
-116
-109
-97
-79
-55
-31
-3
13
-14
-48
-70
-88
-104
-114
-119
-119
-113
-100
-80
-59
-34
-20
-47
-82
-99
-111
-117
-117
-114
-107
-94
-75
-50
-25
1
28
53
75
92
104
113
112
109
112
110
98
80
60
37
14
-9
-32
-55
-78
-97
-109
-118
-122
-120
-110
-93
-76
-55
-33
-10
15
39
63
85
99
109
115
115
106
89
70
48
25
0
-24
-49
-74
-94
-108
-114
-102
-80
-59
-34
-7
19
44
68
88
102
110
114
110
100
87
69
46
18
-10
-37
-53
-30
6
31
53
75
93
101
85
58
35
8
-20
-45
-70
-92
-107
-116
-120
-119
-110
-98
-81
-61
-39
-10
17
41
64
85
101
110
114
114
105
98
109
118
112
99
83
62
49
73
101
111
113
113
107
100
110
118
112
98
82
61
49
73
102
111
113
113
105
92
76
56
31
2
-26
-51
-75
-96
-110
-118
-121
-117
-106
-98
-112
-125
-122
-111
-100
-83
-72
-93
-116
-123
-119
-114
-102
-92
-108
-123
-122
-115
-104
-88
-71
-51
-27
-1
27
53
75
87
65
32
6
-21
-48
-71
-92
-108
-119
-121
-118
-110
-94
-76
-54
-30
-4
25
52
74
92
107
116
117
112
102
86
65
42
17
-10
-39
-66
-86
-104
-117
-123
-121
-113
-101
-80
-66
-89
-113
-120
-120
-117
-110
-99
-84
-64
-39
-11
17
44
68
89
104
112
116
116
107
101
112
121
115
102
87
65
52
76
105
114
116
115
109
98
84
66
42
13
-15
-41
-66
-88
-103
-114
-120
-120
-114
-105
-93
-74
-49
-20
7
34
50
22
-17
-42
-66
-87
-105
-112
-98
-75
-51
-23
5
33
49
20
-20
-45
-70
-90
-107
-114
-101
-80
-57
-31
-3
24
49
72
91
104
113
118
116
110
100
86
64
37
10
-17
-34
-4
37
61
82
100
111
118
120
115
101
82
61
34
18
46
80
96
107
116
119
117
112
101
82
57
31
3
-14
15
54
75
93
108
117
118
113
101
82
56
30
4
-23
-49
-70
-88
-105
-116
-120
-121
-118
-109
-92
-70
-47
-20
8
35
58
79
98
112
118
119
115
106
86
62
36
8
-19
-46
-68
-87
-105
-116
-121
-121
-116
-107
-88
-64
-39
-10
7
-23
-62
-83
-99
-113
-120
-121
-117
-108
-91
-68
-44
-17
11
38
63
83
101
114
120
119
113
103
85
63
39
13
-15
-42
-65
-84
-103
-116
-120
-120
-114
-103
-85
-61
-38
-9
6
-24
-61
-81
-96
-110
-118
-121
-120
-113
-97
-76
-52
-26
2
30
53
74
95
110
117
119
112
98
79
54
29
1
-15
14
52
73
90
106
116
121
121
117
104
86
63
39
13
-13
-36
-57
-79
-98
-110
-118
-123
-121
-110
-94
-76
-51
-37
-63
-97
-110
-117
-120
-116
-110
-117
-123
-115
-100
-83
-59
-45
-71
-102
-114
-118
-119
-112
-104
-114
-124
-117
-104
-88
-67
-43
-18
8
34
60
83
100
112
121
123
116
105
89
67
52
77
106
116
120
120
113
99
81
60
34
5
-21
-48
-62
-35
2
27
52
75
94
108
119
123
119
110
97
76
63
86
113
120
121
118
108
100
112
125
121
111
98
80
58
35
12
-13
-41
-64
-85
-95
-74
-42
-16
11
37
61
82
101
113
119
120
116
105
88
68
46
21
-7
-33
-57
-71
-46
-9
17
44
67
89
98
78
46
20
-7
-33
-57
-70
-45
-10
14
41
66
86
96
74
41
14
-13
-40
-64
-85
-103
-114
-117
-116
-108
-94
-74
-50
-26
1
30
56
79
90
68
38
14
-14
-39
-62
-83
-100
-111
-116
-115
-110
-97
-88
-103
-118
-118
-110
-99
-84
-62
-37
-13
13
41
65
85
96
78
50
26
0
-25
-51
-62
-34
5
32
56
79
96
109
118
121
117
105
92
71
58
80
106
115
118
116
109
96
80
61
37
8
-18
-45
-58
-29
8
34
57
79
96
109
118
121
116
106
92
72
48
22
-4
-30
-56
-78
-94
-102
-87
-63
-40
-14
13
37
59
80
95
107
115
119
115
107
95
80
59
31
5
-21
-45
-67
-86
-98
-108
-113
-111
-104
-94
-78
-56
-30
-4
21
44
68
86
100
112
118
117
115
117
115
104
86
65
41
14
-13
-38
-60
-81
-97
-106
-113
-114
-110
-98
-80
-60
-35
-19
-44
-77
-93
-104
-112
-112
-110
-113
-109
-95
-76
-55
-30
-2
26
50
72
92
107
115
118
117
110
96
77
55
30
3
-23
-47
-69
-87
-101
-109
-111
-105
-91
-71
-47
-22
5
20
-9
-48
-70
-87
-101
-110
-112
-106
-94
-77
-53
-30
-4
10
-19
-57
-78
-94
-106
-112
-113
-108
-99
-81
-58
-34
-7
22
49
71
91
106
116
118
117
117
111
97
77
55
31
8
-16
-39
-60
-81
-97
-107
-111
-102
-86
-65
-40
-15
10
38
65
85
101
113
119
117
114
119
118
108
90
71
48
35
62
93
108
116
120
117
109
99
83
63
37
12
-14
-29
-2
33
57
78
97
110
117
122
118
108
91
73
50
38
65
97
111
117
120
116
107
94
76
54
26
-1
-27
-52
-75
-94
-106
-112
-115
-108
-101
-110
-118
-111
-97
-80
-61
-39
-16
7
33
60
82
100
113
121
122
116
103
86
67
45
22
-2
-27
-52
-74
-91
-105
-114
-117
-111
-99
-84
-66
-45
-22
-1
25
53
75
94
104
85
57
34
6
-20
-44
-67
-87
-103
-111
-114
-113
-103
-90
-73
-53
-29
1
28
54
69
45
11
-14
-40
-63
-84
-94
-73
-42
-16
11
37
62
84
103
115
120
119
114
101
84
63
41
16
-14
-42
-65
-85
-103
-114
-116
-113
-107
-92
-81
-99
-117
-118
-110
-101
-85
-74
-93
-114
-118
-113
-108
-95
-85
-101
-118
-117
-109
-98
-82
-72
-91
-114
-118
-114
-107
-94
-77
-55
-33
-6
24
51
73
93
110
119
122
118
109
92
80
99
118
122
119
113
103
89
72
51
26
-3
-29
-55
-68
-42
-5
22
47
71
90
106
118
123
121
112
101
81
68
90
114
120
120
117
109
103
115
125
120
108
94
74
51
27
3
-23
-51
-74
-93
-101
-85
-60
-33
-6
22
47
72
92
107
117
120
119
111
105
116
124
119
106
91
71
46
20
-6
-31
-58
-81
-98
-110
-118
-120
-112
-97
-80
-56
-41
-66
-97
-110
-114
-118
-114
-106
-96
-80
-57
-31
-3
23
50
74
92
105
116
121
120
115
106
92
70
43
16
-12
-39
-64
-84
-99
-111
-118
-117
-112
-102
-88
-67
-39
-13
15
32
3
-38
-61
-81
-100
-111
-118
-119
-115
-103
-84
-63
-39
-13
16
40
63
87
105
116
120
112
96
76
51
25
-3
-19
11
51
74
93
109
118
122
119
111
95
73
50
24
-4
-30
-54
-75
-95
-110
-117
-119
-117
-109
-92
-70
-47
-19
-2
-31
-68
-87
-101
-113
-119
-119
-115
-103
-85
-62
-38
-11
6
-23
-61
-82
-97
-111
-118
-119
-114
-102
-84
-62
-38
-12
16
43
65
85
104
116
120
120
115
104
86
62
39
11
-5
25
62
82
97
111
119
122
121
113
98
76
54
27
10
40
78
96
109
118
121
117
108
95
75
49
25
-3
-20
9
47
68
87
104
115
119
109
90
69
44
18
-8
-34
-59
-80
-97
-111
-119
-120
-118
-120
-117
-103
-84
-62
-37
-10
16
38
60
83
100
112
117
105
84
62
36
9
-17
-43
-68
-87
-102
-114
-121
-119
-112
-101
-84
-62
-35
-9
18
36
7
-32
-55
-76
-96
-110
-118
-123
-121
-111
-95
-76
-53
-27
0
23
46
72
92
106
116
122
122
112
97
78
54
30
4
-21
-46
-71
-92
-107
-116
-123
-123
-114
-100
-83
-60
-46
-71
-103
-114
-119
-120
-116
-104
-88
-69
-45
-17
11
37
61
85
101
112
119
119
111
103
113
123
119
107
93
72
59
83
110
117
118
115
106
89
68
46
19
-11
-38
-61
-83
-101
-114
-119
-120
-115
-103
-87
-66
-43
-17
12
37
60
82
100
112
117
117
111
99
81
59
36
9
-20
-45
-68
-88
-105
-116
-119
-119
-113
-100
-82
-60
-36
-11
17
43
66
78
55
22
-3
-30
-54
-77
-88
-65
-30
-4
22
48
70
82
59
26
0
-27
-52
-75
-86
-61
-25
2
28
54
75
93
109
117
116
112
101
83
61
35
10
-17
-45
-69
-89
-98
-80
-53
-30
-3
23
47
68
87
101
110
114
113
105
98
109
118
112
100
84
63
38
11
-15
-40
-66
-86
-102
-109
-95
-71
-49
-21
5
32
46
18
-20
-46
-68
-87
-102
-113
-120
-120
-114
-101
-86
-64
-49
-73
-101
-111
-117
-118
-112
-102
-87
-68
-45
-17
9
36
49
21
-18
-43
-66
-86
-101
-112
-120
-120
-113
-101
-84
-63
-38
-10
16
40
64
84
99
105
92
70
47
20
-6
-30
-53
-75
-92
-104
-113
-118
-117
-110
-101
-88
-68
-43
-18
6
30
52
71
87
101
111
112
110
103
92
73
48
24
-2
-27
-50
-69
-87
-103
-114
-118
-118
-116
-108
-93
-73
-51
-26
0
28
52
73
91
105
111
112
110
101
85
63
41
15
-2
25
60
79
94
106
111
112
110
100
83
63
39
14
-14
-41
-63
-83
-101
-113
-118
-118
-114
-104
-87
-65
-41
-16
10
37
61
81
97
108
112
112
110
101
86
62
39
14
-1
28
66
85
98
109
112
111
111
104
90
68
47
22
9
36
72
90
101
110
112
109
103
91
72
47
21
-5
-33
-60
-81
-98
-111
-119
-118
-115
-118
-117
-107
-88
-69
-46
-24
0
23
47
71
89
103
108
97
76
53
27
2
-25
-51
-76
-94
-108
-117
-120
-115
-111
-118
-122
-113
-97
-81
-58
-46
-71
-101
-113
-118
-120
-115
-106
-93
-77
-56
-30
-5
22
36
10
-25
-50
-73
-93
-106
-116
-121
-120
-111
-95
-77
-54
-43
-69
-100
-113
-117
-119
-114
-104
-89
-70
-47
-20
8
33
57
79
97
108
112
114
107
101
110
118
111
97
81
62
41
20
-3
-27
-54
-76
-94
-108
-119
-123
-119
-110
-97
-79
-60
-39
-15
11
38
63
83
99
112
117
115
106
94
77
58
37
15
-11
-41
-65
-87
-98
-79
-48
-23
4
30
55
76
95
109
115
114
110
98
80
61
39
13
-17
-44
-69
-83
-60
-27
-1
25
51
74
86
63
30
4
-23
-50
-72
-93
-110
-119
-122
-118
-110
-94
-74
-52
-29
-4
25
51
73
91
106
116
117
113
104
88
76
95
116
119
113
105
92
82
99
118
119
112
102
85
73
93
115
118
114
109
98
89
104
120
118
109
97
79
57
31
6
-20
-49
-75
-94
-109
-120
-123
-119
-108
-94
-73
-59
-83
-109
-118
-120
-119
-113
-103
-89
-70
-45
-17
11
40
55
28
-11
-36
-61
-83
-101
-114
-122
-123
-117
-104
-89
-66
-52
-77
-105
-115
-119
-120
-114
-109
-118
-124
-117
-103
-88
-66
-42
-17
8
33
59
82
98
106
93
69
45
18
-11
-38
-63
-86
-102
-113
-119
-121
-116
-112
-120
-123
-114
-98
-79
-56
-30
-4
22
46
72
93
107
115
119
117
107
89
70
44
29
56
89
103
111
118
118
112
103
89
67
41
13
-14
-41
-66
-85
-100
-113
-120
-120
-117
-110
-97
-76
-51
-25
3
31
57
78
96
109
117
118
114
107
95
73
46
20
-9
-25
4
45
67
86
103
113
118
119
113
99
79
57
31
4
-24
-48
-70
-92
-108
-118
-121
-114
-99
-79
-55
-29
1
18
-12
-52
-73
-94
-109
-118
-122
-120
-113
-97
-77
-54
-28
0
27
52
74
95
110
118
119
116
106
89
66
43
16
-1
28
65
85
99
112
118
119
116
105
87
64
41
13
-5
24
62
81
97
110
117
120
113
98
77
53
27
-1
-29
-57
-78
-96
-112
-119
-121
-115
-105
-90
-69
-42
-16
12
28
-1
-39
-62
-82
-100
-113
-120
-123
-119
-107
-87
-65
-37
-19
-48
-83
-99
-110
-119
-121
-116
-107
-93
-73
-47
-22
6
21
-8
-46
-68
-87
-103
-115
-118
-107
-89
-67
-41
-15
11
39
64
85
100
113
121
119
116
120
120
108
89
69
46
20
-6
-30
-53
-76
-95
-109
-115
-102
-78
-55
-30
-4
23
49
72
91
105
116
121
118
110
97
80
58
31
4
-24
-39
-11
28
53
74
93
108
117
123
122
113
100
82
61
37
13
-10
-33
-59
-81
-97
-110
-119
-122
-117
-106
-92
-71
-48
-24
1
25
52
76
94
108
119
123
119
109
96
76
63
85
112
119
120
118
110
95
78
57
32
5
-22
-46
-69
-91
-106
-114
-119
-117
-109
-93
-74
-53
-27
2
29
54
68
43
7
-18
-42
-66
-86
-102
-114
-120
-119
-111
-100
-81
-69
-90
-114
-119
-117
-111
-99
-81
-59
-37
-11
18
44
66
87
104
115
119
119
114
100
82
59
35
8
-20
-47
-70
-90
-107
-115
-116
-114
-105
-90
-70
-46
-23
4
33
57
80
91
70
39
14
-13
-39
-63
-82
-99
-111
-116
-115
-109
-97
-81
-62
-41
-16
12
39
63
75
50
13
-13
-38
-61
-83
-93
-73
-44
-20
6
33
57
77
96
108
115
119
116
108
96
80
62
39
10
-16
-42
-63
-83
-99
-108
-114
-114
-107
-101
-110
-118
-111
-97
-81
-59
-45
-68
-97
-107
-112
-114
-108
-103
-111
-116
-109
-95
-78
-56
-40
-64
-93
-105
-111
-113
-109
-100
-87
-70
-47
-19
8
34
57
78
95
107
115
119
114
109
116
120
112
96
78
56
31
5
-22
-47
-70
-90
-102
-108
-96
-76
-55
-29
-3
22
45
68
85
99
111
118
117
115
118
114
102
83
63
38
21
46
79
95
107
116
118
115
108
95
77
51
26
0
-15
14
53
75
92
107
114
118
117
110
95
75
53
28
2
-25
-50
-71
-90
-103
-110
-112
-107
-95
-77
-52
-27
0
15
-12
-51
-73
-89
-102
-110
-112
-106
-93
-74
-50
-24
3
18
-10
-49
-70
-87
-101
-109
-113
-112
-105
-91
-72
-50
-25
3
31
55
77
96
110
117
118
114
104
88
65
42
18
-4
-28
-49
-69
-88
-101
-109
-112
-105
-90
-71
-46
-21
6
34
61
81
98
111
119
118
116
119
117
105
86
67
44
32
59
92
107
115
119
117
110
99
83
62
36
10
-17
-32
-6
29
54
75
94
108
117
122
119
109
91
71
47
33
59
92
106
114
119
118
111
100
85
63
37
11
-15
-41
-65
-85
-99
-109
-114
-110
-105
-111
-115
-106
-90
-72
-52
-29
-6
16
40
65
86
101
114
122
122
116
103
87
68
47
24
-1
-27
-53
-76
-93
-106
-115
-117
-110
-98
-82
-63
-42
-20
3
28
55
77
95
104
87
59
33
7
-21
-47
-69
-90
-105
-113
-114
-112
-102
-88
-71
-50
-26
4
30
55
69
45
10
-15
-40
-64
-85
-95
-76
-47
-21
5
32
57
80
100
113
119
120
116
104
88
69
47
22
-8
-34
-60
-72
-51
-19
7
33
58
81
93
72
38
12
-14
-41
-64
-85
-102
-113
-116
-114
-106
-93
-75
-54
-31
-5
25
50
73
86
65
33
6
-21
-46
-70
-83
-60
-25
2
29
55
77
97
113
121
121
116
106
88
67
43
18
-8
-38
-63
-84
-100
-113
-119
-116
-106
-93
-73
-59
-82
-108
-115
-116
-113
-105
-97
-110
-121
-116
-105
-91
-70
-56
-80
-107
-115
-116
-114
-106
-99
-110
-121
-116
-104
-90
-71
-48
-22
1
26
54
77
95
109
120
123
121
111
98
77
63
86
112
120
120
118
111
100
85
66
41
12
-15
-42
-58
-32
7
32
57
79
97
111
121
123
119
108
93
72
58
82
109
118
120
119
112
106
117
125
118
105
89
68
43
17
-9
-35
-62
-84
-101
-108
-95
-73
-49
-22
5
31
57
80
97
109
117
121
118
115
120
122
110
93
74
50
25
-2
-27
-52
-76
-96
-108
-116
-120
-117
-106
-89
-70
-45
-30
-56
-91
-105
-112
-118
-116
-110
-100
-86
-63
-36
-9
18
45
70
89
103
114
121
120
115
107
92
71
44
17
-10
-37
-62
-82
-98
-110
-118
-119
-116
-117
-113
-99
-79
-57
-31
-3
25
49
71
93
110
118
121
120
112
96
74
51
24
-3
-30
-54
-75
-96
-110
-117
-119
-117
-108
-92
-70
-48
-20
-3
-32
-69
-88
-102
-113
-119
-119
-116
-106
-90
-68
-45
-18
-2
-31
-69
-88
-102
-113
-119
-119
-116
-106
-88
-66
-41
-14
15
44
67
87
106
118
121
119
111
97
78
52
27
-1
-17
13
50
72
89
105
116
121
122
117
104
84
63
38
21
51
86
102
113
120
120
113
100
85
62
33
7
-21
-37
-8
30
52
73
93
108
114
99
74
49
22
-5
-32
-57
-80
-97
-110
-118
-122
-116
-111
-119
-124
-114
-99
-79
-57
-32
-5
18
43
68
88
103
110
94
68
42
16
-12
-38
-62
-84
-101
-111
-119
-121
-115
-104
-88
-69
-46
-17
9
35
50
23
-15
-41
-64
-85
-102
-114
-122
-123
-116
-104
-88
-67
-42
-17
7
32
59
82
99
111
120
123
115
103
87
65
41
15
-10
-35
-60
-83
-100
-112
-121
-124
-117
-105
-90
-68
-54
-78
-107
-117
-120
-119
-112
-99
-81
-60
-35
-5
21
46
70
92
106
114
119
117
106
97
109
122
120
110
98
79
66
88
113
119
117
112
99
88
103
120
120
113
104
87
75
95
116
119
115
108
94
82
99
118
119
114
105
91
73
52
30
5
-24
-50
-72
-90
-107
-117
-120
-118
-112
-97
-87
-103
-121
-122
-116
-107
-92
-72
-50
-24
2
29
54
75
87
66
34
9
-18
-44
-67
-87
-104
-115
-119
-118
-113
-100
-91
-106
-122
-121
-114
-104
-86
-73
-92
-114
-119
-118
-113
-104
-89
-71
-51
-28
1
27
52
64
37
-1
-27
-51
-75
-92
-107
-117
-121
-117
-108
-95
-74
-59
-81
-107
-115
-118
-117
-110
-98
-82
-64
-40
-12
15
40
62
83
98
108
113
114
106
99
110
118
112
99
83
63
38
11
-14
-39
-64
-85
-100
-112
-119
-120
-114
-102
-86
-65
-40
-14
12
37
61
82
97
108
116
116
107
93
76
53
26
-2
-27
-53
-77
-96
-108
-113
-102
-84
-64
-38
-13
12
36
58
79
94
105
112
112
105
96
80
59
31
4
-23
-38
-10
29
52
72
90
103
108
97
77
56
29
2
-23
-47
-69
-87
-101
-112
-118
-117
-111
-101
-88
-67
-42
-16
10
34
57
77
92
105
112
112
109
112
109
96
77
55
30
1
-27
-52
-74
-94
-109
-116
-118
-113
-100
-84
-61
-37
-10
4
-25
-62
-82
-98
-111
-117
-118
-115
-107
-92
-70
-48
-21
-6
-32
-66
-85
-99
-111
-117
-118
-115
-106
-90
-67
-44
-18
-5
-35
-72
-91
-105
-115
-118
-116
-110
-98
-80
-56
-30
-4
23
49
72
90
103
112
112
110
112
110
97
76
56
33
8
-16
-38
-61
-83
-101
-111
-118
-121
-117
-104
-87
-66
-43
-20
5
29
53
75
94
105
112
114
110
97
78
58
34
9
-16
-38
-61
-83
-100
-111
-116
-107
-89
-69
-45
-19
7
34
60
81
97
108
114
112
104
92
76
54
26
-2
-29
-45
-21
16
39
61
81
97
105
91
66
44
17
-9
-34
-60
-84
-101
-112
-118
-120
-114
-104
-90
-72
-50
-23
3
28
51
75
93
105
112
115
108
101
110
117
111
96
80
60
49
73
102
111
113
114
105
97
109
119
113
100
87
68
57
80
108
115
114
111
100
85
66
44
19
-11
-39
-63
-86
-105
-116
-121
-120
-114
-98
-87
-104
-122
-122
-117
-109
-95
-80
-61
-38
-11
18
45
70
83
61
28
3
-24
-50
-72
-93
-110
-119
-121
-119
-111
-97
-79
-58
-36
-11
19
44
67
86
103
114
117
113
106
91
80
97
117
118
112
105
91
81
99
118
119
112
103
86
74
93
115
118
114
108
96
87
103
119
118
110
100
83
62
38
14
-13
-42
-67
-86
-103
-116
-122
-121
-114
-104
-86
-75
-95
-118
-122
-120
-114
-104
-90
-73
-53
-28
1
27
53
68
41
4
-24
-50
-74
-93
-108
-120
-123
-120
-110
-96
-75
-61
-85
-111
-119
-119
-118
-110
-103
-114
-124
-121
-109
-94
-75
-52
-27
-3
23
51
73
92
101
85
61
36
8
-19
-44
-68
-89
-104
-113
-119
-121
-115
-111
-119
-123
-114
-99
-81
-57
-31
-5
20
45
71
92
106
114
119
119
108
92
74
50
34
60
92
105
112
118
117
111
102
88
66
40
12
-15
-41
-66
-85
-100
-112
-120
-121
-118
-110
-96
-75
-48
-19
9
37
62
82
98
111
117
117
113
104
90
68
41
14
-14
-31
-2
38
61
81
100
112
118
119
114
101
81
60
36
8
-20
-44
-67
-90
-107
-117
-120
-113
-98
-79
-53
-27
1
18
-11
-52
-74
-93
-109
-118
-122
-119
-111
-97
-75
-53
-26
-9
-38
-73
-91
-104
-115
-121
-121
-117
-106
-88
-64
-38
-12
17
43
67
86
103
115
120
119
118
112
95
73
49
23
-5
-31
-53
-75
-94
-109
-117
-120
-112
-96
-76
-51
-25
1
28
53
75
92
108
118
120
117
109
96
77
52
28
1
-16
13
52
74
91
107
116
120
121
114
98
78
54
29
2
-25
-48
-69
-91
-107
-117
-122
-122
-116
-102
-82
-59
-33
-7
20
44
66
88
104
114
120
122
119
107
88
68
43
28
55
91
106
115
121
119
111
99
82
60
33
6
-20
-46
-72
-90
-105
-116
-121
-118
-112
-119
-122
-113
-96
-78
-54
-40
-66
-98
-111
-118
-120
-115
-103
-86
-66
-40
-11
16
42
66
88
104
114
120
121
113
100
83
63
38
10
-17
-43
-58
-31
6
31
56
78
96
104
86
56
30
3
-24
-51
-65
-40
-3
21
46
70
90
99
77
46
19
-7
-33
-57
-79
-99
-111
-116
-118
-113
-101
-84
-62
-40
-15
15
41
64
77
53
19
-6
-33
-58
-79
-97
-111
-118
-118
-112
-102
-85
-72
-92
-114
-118
-116
-110
-97
-79
-57
-35
-9
20
46
69
82
58
27
-1
-22
-58
-41
5
-2
1
0
0
0
0
0
0
0
0
0
0
0
0
0
0
0
0
0
0
0
0
0
0
0
0
0
0
0
0
0
0
0
0
0
0
0
0
0
0
0
0
0
0
0
0
0
0
0
0
0
0
0
0
0
0
0
0
0
0
0
0
0
0
0
0
0
0
0
0
0
0
0
0
0
0
0
0
0
0
0
0
0
0
0
0
0
0
0
0
0
0
0
0
0
0
0
0
0
0
0
0
0
0
0
0
0
0
0
0
0
0
0
0
0
0
0
0
0
0
0
0
0
0
0
0
0
0
0
0
0
0
0
0
0
0
0
0
0
0
0
0
0
0
0
0
0
0
0
0
0
0
0
0
0
0
0
0
0
0
0
0
0
0
0
0
0
0
0
0
0
0
0
0
0
0
0
0
0
0
0
0
0
0
0
0
0
0
0
0
0
0
0
0
0
0
0
0
0
0
0
0
0
0
0
0
0
0
0
0
0
0
0
0
0
0
0
0
0
0
0
0
0
0
0
0
0
0
0
0
0
0
0
0
0
0
0
0
0
0
0
0
0
0
0
0
0
0
0
0
0
0
0
0
0
0
0
0
0
0
0
0
0
0
0
0
0
0
0
0
0
0
0
0
0
0
0
0
0
0
0
0
0
0
0
0
0
0
0
0
0
0
0
0
0
0
0
0
0
0
0
0
0
0
0
0
0
0
0
0
0
0
0
0
0
0
0
0
0
0
0
0
0
0
0
0
0
0
0
0
0
0
0
0
0
0
0
0
0
0
0
0
0
0
0
0
0
0
0
0
0
0
0
0
0
0
0
0
0
0
0
0
0
0
0
0
0
0
0
0
0
0
0
0
0
0
0
0
0
0
0
0
0
0
0
0
0
0
0
0
0
0
0
0
0
0
0
0
0
0
0
0
0
0
0
0
0
0
0
0
0
0
0
0
0
0
0
0
0
0
0
0
0
0
0
0
0
0
0
0
0
0
0
0
0
0
0
0
0
0
0
0
0
0
0
0
0
0
0
0
0
0
0
0
0
0
0
0
0
0
0
0
0
0
0
0
0
0
0
0
0
0
0
0
0
0
0
0
0
0
0
0
0
0
0
0
0
0
0
0
0
0
0
0
0
0
0
0
0
0
0
0
0
0
0
0
0
0
0
0
0
0
0
0
0
0
0
0
0
0
0
0
0
0
0
0
0
0
0
0
0
0
0
0
0
0
0
0
0
0
0
0
0
0
0
0
0
0
0
0
0
0
0
0
0
0
0
0
0
0
0
0
0
0
0
0
0
0
0
0
0
0
0
0
0
0
0
0
0
0
0
0
0
0
0
0
0
0
0
0
0
0
0
0
0
0
0
0
0
0
0
0
0
0
0
0
0
0
0
0
0
0
0
0
0
0
0
0
0
0
0
0
0
0
0
0
0
0
0
0
0
0
0
0
0
0
0
0
0
0
0
0
0
0
0
0
0
0
0
0
0
0
0
0
0
0
0
0
0
0
0
0
0
0
0
0
0
0
0
0
0
0
0
0
0
0
0
0
0
0
0
0
0
0
0
0
0
0
0
0
0
0
0
0
0
0
0
0
0
0
0
0
0
0
0
0
0
0
0
0
0
0
0
0
0
0
0
0
0
0
0
0
0
0
0
0
0
0
0
0
0
0
0
0
0
0
0
0
0
0
0
0
0
0
0
0
0
0
0
0
0
0
0
0
0
0
0
0
0
0
0
0
0
0
0
0
0
0
0
0
0
0
0
0
0
0
0
0
0
0
0
0
0
0
0
0
0
0
0
0
0
0
0
0
0
0
0
0
0
0
0
0
0
0
0
0
0
0
0
0
0
0
0
0
0
0
0
0
0
0
0
0
0
0
0
0
0
0
0
0
0
0
0
0
0
0
0
0
0
0
0
0
0
0
0
0
0
0
0
0
0
0
0
0
0
0
0
0
0
0
0
0
0
0
0
0
0
0
0
0
0
0
0
0
0
0
0
0
0
0
0
0
0
0
0
0
0
0
0
0
0
0
0
0
0
0
0
0
0
0
0
0
0
0
0
0
0
0
0
0
0
0
0
0
0
0
0
0
0
0
0
0
0
0
0
0
0
0
0
0
0
0
0
0
0
0
0
0
0
0
0
0
0
0
0
0
0
0
0
0
0
0
0
0
0
0
0
0
0
0
0
0
0
0
0
0
0
0
0
0
0
0
0
0
0
0
0
0
0
0
0
0
0
0
0
0
0
0
0
0
0
0
0
0
0
0
0
0
0
0
0
0
0
0
0
0
0
0
0
0
0
0
0
0
0
0
0
0
0
0
0
0
0
0
0
0
0
0
0
0
0
0
0
0
0
0
0
0
0
0
0
0
0
0
0
0
0
0
0
0
0
0
0
0
0
0
0
0
0
0
0
0
0
0
0
0
0
0
0
0
0
0
0
0
0
0
0
0
0
0
0
0
0
0
0
0
0
0
0
0
0
0
0
0
0
0
0
0
0
0
0
0
0
0
0
0
0
0
0
0
0
0
0
0
0
0
0
0
0
0
0
0
0
0
0
0
0
0
0
0
0
0
0
0
0
0
0
0
0
0
0
0
0
0
0
0
0
0
0
0
0
0
0
0
0
0
0
0
0
0
0
0
0
0
0
0
0
0
0
0
0
0
0
0
0
0
0
0
0
0
0
0
0
0
0
0
0
0
0
0
0
0
0
0
0
0
0
0
0
0
0
0
0
0
0
0
0
0
0
0
0
0
0
0
0
0
0
0
0
0
0
0
0
0
0
0
0
0
0
0
0
0
0
0
0
0
0
0
0
0
0
0
0
0
0
0
0
0
0
0
0
0
0
0
0
0
0
0
0
0
0
0
0
0
0
0
0
0
0
0
0
0
0
0
0
0
0
0
0
0
0
0
0
0
0
0
0
0
0
0
0
0
0
0
0
0
0
0
0
0
0
0
0
0
0
0
0
0
0
0
0
0
0
0
0
0
0
0
0
0
0
0
0
0
0
0
0
0
0
0
0
0
0
0
0
0
0
0
0
0
0
0
0
0
0
0
0
0
0
0
0
0
0
0
0
0
0
0
0
0
0
0
0
0
0
0
0
0
0
0
0
0
0
0
0
0
0
0
0
0
0
0
0
0
0
0
0
0
0
0
0
0
0
0
0
0
0
0
0
0
0
0
0
0
0
0
0
0
0
0
0
0
0
0
0
0
0
0
0
0
0
0
0
0
0
0
0
0
0
0
0
0
0
0
0
0
0
0
0
0
0
0
0
0
0
0
0
0
0
0
0
0
0
0
0
0
0
0
0
0
0
0
0
0
0
0
0
0
0
0
0
0
0
0
0
0
0
0
0
0
0
0
0
0
0
0
0
0
0
0
0
0
0
0
0
0
0
0
0
0
0
0
0
0
0
0
0
0
0
0
0
0
0
0
0
0
0
0
0
0
0
0
0
0
0
0
0
0
0
0
0
0
0
0
0
0
0
0
0
0
0
0
0
0
0
0
0
0
0
0
0
0
0
0
0
0
0
0
0
0
0
0
0
0
0
0
0
0
0
0
0
0
0
0
0
0
0
0
0
0
0
0
0
0
0
0
0
0
0
0
0
0
0
0
0
0
0
0
0
0
0
0
0
0
0
0
0
0
0
0
0
0
0
0
0
0
0
0
0
0
0
0
0
0
0
0
0
0
0
0
0
0
0
0
0
0
0
0
0
0
0
0
0
0
0
0
0
0
0
0
0
0
0
0
0
0
0
0
0
0
0
0
0
0
0
0
0
0
0
0
0
0
0
0
0
0
0
0
0
0
0
0
0
0
0
0
0
0
0
0
0
0
0
0
0
0
0
0
0
0
0
0
0
0
0
0
0
0
0
0
0
0
0
0
0
0
0
0
0
0
0
0
0
0
0
0
0
0
0
0
0
0
0
0
0
0
0
0
0
0
0
0
0
0
0
0
0
0
0
0
0
0
0
0
0
0
0
0
0
0
0
0
0
0
0
0
0
0
0
0
0
0
0
0
0
0
0
0
0
0
0
0
0
0
0
0
0
0
0
0
0
0
0
0
0
0
0
0
0
0
0
0
0
0
0
0
0
0
0
0
0
0
0
0
0
0
0
0
0
0
0
0
0
0
0
0
0
0
0
0
0
0
0
0
0
0
0
0
0
0
0
0
0
0
0
0
0
0
0
0
0
0
0
0
0
0
0
0
0
0
0
0
0
0
0
0
0
0
0
0
0
0
0
0
0
0
0
0
0
0
0
0
0
0
0
0
0
0
0
0
0
0
0
0
0
0
0
0
0
0
0
0
0
0
0
0
0
0
0
0
0
0
0
0
0
0
0
0
0
0
0
0
0
0
0
0
0
0
0
0
0
0
0
0
0
0
0
0
0
0
0
0
0
0
0
0
0
0
0
0
0
0
0
0
0
0
0
0
0
0
0
0
0
0
0
0
0
0
0
0
0
0
0
0
0
0
0
0
0
0
0
0
0
0
0
0
0
0
0
0
0
0
0
0
0
0
0
0
0
0
0
0
0
0
0
0
0
0
0
0
0
0
0
0
0
0
0
0
0
0
0
0
0
0
0
0
0
0
0
0
0
0
0
0
0
0
0
0
0
0
0
0
0
0
0
0
0
0
0
0
0
0
0
0
0
0
0
0
0
0
0
0
0
0
0
0
0
0
0
0
0
0
0
0
0
0
0
0
0
0
0
0
0
0
0
0
0
0
0
0
0
0
0
0
0
0
0
0
0
0
0
0
0
0
0
0
0
0
0
0
0
0
0
0
0
0
0
0
0
0
0
0
0
0
0
0
0
0
0
0
0
0
0
0
0
0
0
0
0
0
0
0
0
0
0
0
0
0
0
0
0
0
0
0
0
0
0
0
0
0
0
0
0
0
0
0
0
0
0
0
0
0
0
0
0
0
0
0
0
0
0
0
0
0
0
0
0
0
0
0
0
0
0
0
0
0
0
0
0
0
0
0
0
0
0
0
0
0
0
0
0
0
0
0
0
0
0
0
0
0
0
0
0
0
0
0
0
0
0
0
0
0
0
0
0
0
0
0
0
0
0
0
0
0
0
0
0
0
0
0
0
0
0
0
0
0
0
0
0
0
0
0
0
0
0
0
0
0
0
0
0
0
0
0
0
0
0
0
0
0
0
0
0
0
0
0
0
0
0
0
0
0
0
0
0
0
0
0
0
0
0
0
0
0
0
0
0
0
0
0
0
0
0
0
0
0
0
0
0
0
0
0
0
0
0
0
0
0
0
0
0
0
0
0
0
0
0
0
0
0
0
0
0
0
0
0
0
0
0
0
0
0
0
0
0
0
0
0
0
0
0
0
0
0
0
0
0
0
0
0
0
0
0
0
0
0
0
0
0
0
0
0
0
0
0
0
0
0
0
0
0
0
0
0
0
0
0
0
0
0
0
0
0
0
0
0
0
0
0
0
0
0
0
0
0
0
0
0
0
0
0
0
0
0
0
0
0
0
0
0
0
0
0
0
0
0
0
0
0
0
0
0
0
0
0
0
0
0
0
0
0
0
0
0
0
0
0