0
0
0
0
0
0
0
0
0
0
0
0
0
0
0
0
0
0
0
0
0
0
0
0
0
0
0
0
0
0
0
0
0
0
0
0
0
0
0
0
0
0
0
0
0
0
0
0
0
0
0
0
0
0
0
0
0
0
0
0
0
0
0
0
0
0
0
0
0
0
0
0
0
0
0
0
0
0
0
0
0
0
0
0
0
0
0
0
0
0
0
0
0
0
0
0
0
0
0
0
0
0
0
0
0
0
0
0
0
0
0
0
0
0
0
0
0
0
0
0
0
0
0
0
0
0
0
0
0
0
0
0
0
0
0
0
0
0
0
0
0
0
0
0
0
0
0
0
0
0
0
0
0
0
0
0
0
0
0
0
0
0
0
0
0
0
0
0
0
0
0
0
0
0
0
0
0
0
0
0
0
0
0
0
0
0
0
0
0
0
0
0
0
0
0
0
0
0
0
0
0
0
0
0
0
0
0
0
1
1
1
1
2
1
1
1
2
2
1
2
2
2
2
1
1
2
1
1
1
1
1
1
1
1
1
1
1
1
1
1
1
1
1
1
1
1
1
1
1
1
1
1
1
1
1
1
2
1
1
1
1
1
1
1
1
1
1
1
1
2
2
1
2
2
1
2
1
1
2
2
2
2
2
1
1
2
2
2
2
2
2
2
1
2
2
2
2
2
1
40
102
105
86
88
106
120
121
117
109
96
78
59
38
14
-13
-40
-62
-82
-99
-111
-116
-115
-110
-97
-86
-99
-117
-119
-113
-103
-88
-68
-45
-21
5
33
58
78
96
110
118
120
116
107
92
73
50
25
-1
-28
-54
-74
-93
-109
-116
-116
-111
-99
-83
-60
-36
-10
16
44
68
87
98
83
56
32
5
-23
-48
-69
-89
-104
-111
-115
-113
-104
-91
-74
-55
-32
-4
22
47
60
38
0
-29
-53
-74
-92
-101
-88
-64
-40
-14
13
38
61
81
97
109
116
118
114
106
93
77
56
30
4
-22
-46
-68
-86
-100
-109
-114
-111
-106
-112
-114
-106
-91
-73
-50
-33
-52
-84
-100
-108
-113
-111
-107
-112
-114
-106
-91
-73
-51
-35
-55
-86
-101
-109
-113
-111
-104
-92
-76
-55
-28
-1
25
49
72
89
103
113
118
116
112
116
119
111
95
76
54
28
1
-25
-49
-72
-90
-103
-108
-99
-81
-60
-35
-9
17
41
64
83
98
111
118
117
114
117
116
106
88
68
43
25
45
76
94
105
114
117
116
111
100
83
61
37
12
-3
21
59
82
97
110
116
118
115
106
92
71
49
23
6
28
61
82
98
110
117
117
114
105
89
66
41
15
-10
-34
-57
-77
-93
-106
-111
-112
-110
-102
-88
-67
-45
-21
7
34
57
78
96
110
116
118
115
107
92
71
48
22
-6
-33
-58
-79
-96
-108
-112
-111
-106
-94
-75
-49
-23
4
34
61
83
101
112
119
117
114
118
119
110
93
74
53
30
6
-19
-42
-66
-87
-101
-109
-115
-113
-103
-86
-67
-44
-29
-51
-84
-100
-108
-113
-112
-108
-111
-113
-104
-87
-68
-47
-25
-2
21
44
69
90
104
114
121
121
113
98
80
59
37
13
-12
-37
-61
-82
-98
-105
-95
-73
-51
-25
1
28
46
26
-10
-36
-59
-79
-96
-103
-92
-68
-44
-17
9
37
53
34
-1
-28
-51
-74
-92
-105
-113
-116
-110
-97
-81
-62
-40
-17
6
30
57
79
97
106
92
66
41
15
-12
-37
-60
-82
-99
-109
-113
-113
-106
-98
-106
-117
-115
-103
-89
-73
-53
-32
-11
15
42
65
86
97
81
50
24
-2
-29
-54
-69
-51
-19
7
32
58
79
98
113
121
121
116
107
92
81
97
118
123
119
113
100
82
62
40
15
-13
-40
-63
-76
-59
-28
0
27
54
76
95
111
120
122
118
110
97
81
63
41
17
-11
-38
-64
-77
-58
-24
4
29
55
77
96
112
120
122
117
107
91
70
48
23
-3
-33
-59
-79
-96
-110
-117
-117
-110
-98
-80
-57
-32
-7
19
48
73
92
108
119
123
120
110
96
76
61
80
107
117
120
119
113
102
89
71
46
17
-12
-39
-65
-86
-102
-111
-115
-115
-108
-101
-110
-120
-116
-104
-90
-70
-55
-74
-102
-113
-116
-115
-111
-101
-88
-71
-48
-21
6
32
57
80
97
108
117
121
118
112
102
87
65
37
9
-19
-37
-15
25
52
74
94
109
115
106
86
63
36
9
-20
-37
-14
26
52
74
94
109
116
107
88
65
39
11
-18
-45
-69
-89
-102
-112
-117
-116
-109
-98
-84
-63
-35
-8
19
37
14
-26
-51
-73
-93
-107
-115
-119
-118
-108
-92
-74
-50
-33
-54
-88
-103
-111
-117
-118
-113
-106
-93
-73
-49
-25
2
19
-6
-47
-72
-90
-107
-116
-119
-115
-105
-89
-67
-41
-15
13
39
61
81
99
112
119
121
116
105
88
65
40
13
-14
-41
-64
-84
-101
-114
-120
-120
-118
-111
-95
-73
-47
-21
6
33
56
76
95
110
118
121
121
113
98
76
52
24
5
28
65
86
102
114
120
121
116
106
89
67
43
16
-11
-38
-62
-82
-101
-114
-119
-118
-114
-104
-85
-62
-37
-10
18
46
69
88
106
117
121
118
110
97
77
52
27
-1
-18
5
42
66
85
102
113
120
122
118
105
86
64
37
10
-17
-42
-65
-87
-103
-114
-117
-110
-94
-72
-48
-22
7
25
2
-35
-60
-79
-97
-111
-118
-123
-121
-112
-96
-77
-55
-32
-6
17
40
63
84
100
111
120
122
117
105
89
68
52
71
101
114
118
119
113
106
113
123
118
105
90
69
54
74
103
115
118
118
110
101
110
121
120
109
95
76
53
29
4
-22
-50
-74
-93
-107
-119
-123
-119
-109
-95
-75
-61
-79
-106
-117
-120
-119
-112
-98
-81
-59
-34
-6
22
48
63
41
5
-22
-47
-72
-92
-107
-118
-123
-120
-111
-98
-79
-65
-83
-109
-119
-120
-117
-107
-98
-108
-122
-122
-114
-104
-87
-67
-46
-23
1
29
55
78
89
70
38
10
-16
-42
-66
-87
-104
-115
-120
-119
-113
-100
-88
-102
-120
-122
-116
-107
-93
-75
-53
-30
-5
24
51
73
91
106
115
118
114
107
92
80
95
115
119
115
108
95
75
52
27
0
-29
-55
-77
-96
-111
-119
-119
-115
-105
-89
-68
-44
-20
7
33
58
78
95
109
116
116
110
99
83
62
36
12
-14
-42
-66
-86
-96
-81
-53
-28
-2
25
50
71
90
104
112
114
112
103
89
73
53
30
1
-26
-51
-64
-43
-5
22
46
68
88
98
84
58
34
7
-20
-44
-66
-86
-101
-111
-117
-118
-112
-101
-87
-70
-48
-21
6
31
54
75
93
104
111
114
109
103
109
116
111
97
80
58
42
61
90
104
110
113
110
104
110
115
109
95
78
57
42
61
92
105
111
113
110
100
87
71
49
22
-4
-30
-53
-74
-91
-104
-114
-118
-116
-112
-116
-119
-109
-93
-74
-50
-24
3
29
53
75
93
104
109
102
85
65
40
13
-12
-37
-61
-80
-96
-108
-116
-117
-115
-117
-114
-104
-86
-66
-41
-24
-44
-77
-95
-106
-114
-117
-115
-110
-98
-81
-56
-32
-6
10
-15
-52
-76
-92
-106
-115
-118
-117
-111
-98
-79
-58
-32
-14
-35
-68
-88
-101
-112
-117
-117
-113
-104
-89
-66
-43
-19
5
29
51
70
89
103
110
112
108
97
79
57
33
8
-19
-46
-68
-88
-104
-114
-118
-117
-111
-101
-85
-62
-37
-11
15
42
65
84
99
109
112
111
105
94
75
51
26
1
-27
-54
-75
-92
-107
-116
-118
-116
-118
-114
-101
-82
-60
-36
-13
11
34
56
77
94
105
112
113
110
99
81
61
38
24
46
81
99
107
113
112
108
112
114
105
89
70
49
26
3
-19
-43
-67
-89
-103
-114
-121
-121
-114
-101
-84
-64
-42
-20
4
29
54
77
94
102
90
66
41
14
-13
-40
-56
-36
-1
25
49
71
90
98
84
58
33
6
-21
-47
-63
-44
-10
17
41
65
85
100
112
117
113
102
86
67
45
20
-3
-28
-55
-79
-97
-106
-94
-69
-46
-21
6
32
56
79
97
108
113
114
107
100
108
117
114
101
87
69
49
27
5
-20
-47
-70
-89
-100
-84
-54
-28
-2
25
51
66
47
16
-11
-38
-62
-83
-101
-115
-121
-121
-114
-103
-86
-75
-91
-114
-122
-120
-115
-103
-87
-67
-45
-20
9
35
60
74
57
27
-1
-27
-53
-75
-94
-110
-119
-121
-118
-110
-96
-79
-60
-38
-13
15
42
66
79
60
26
-1
-28
-54
-76
-96
-112
-120
-122
-117
-107
-91
-71
-48
-24
2
31
58
79
96
110
118
117
111
99
81
60
36
12
-14
-42
-68
-88
-105
-117
-122
-120
-112
-100
-80
-66
-84
-109
-118
-120
-119
-112
-101
-87
-69
-45
-17
11
38
62
84
101
111
116
116
109
103
111
120
115
102
88
66
51
70
99
111
115
116
112
104
91
75
52
25
-2
-29
-54
-77
-95
-107
-117
-121
-118
-111
-101
-84
-61
-33
-5
23
40
17
-21
-48
-71
-91
-107
-114
-105
-85
-62
-35
-7
21
38
15
-24
-50
-73
-92
-108
-115
-105
-85
-63
-36
-8
19
45
69
88
102
112
117
116
110
100
86
66
39
12
-16
-33
-10
29
54
75
94
108
116
119
117
107
90
70
46
29
51
85
102
110
116
117
112
104
91
71
45
18
-10
-27
-3
37
63
83
101
113
117
110
95
75
50
23
-4
-31
-56
-77
-94
-107
-117
-120
-120
-119
-111
-95
-72
-48
-23
6
33
57
78
98
112
118
119
116
108
91
69
43
17
-11
-38
-60
-80
-98
-112
-119
-121
-119
-111
-96
-73
-49
-21
-4
-28
-66
-88
-103
-116
-121
-119
-113
-101
-82
-58
-32
-5
23
49
73
91
108
118
120
116
107
92
71
47
20
-5
-32
-58
-78
-95
-110
-119
-121
-117
-109
-96
-77
-53
-28
-1
16
-8
-45
-69
-87
-103
-114
-120
-122
-118
-106
-88
-67
-43
-16
9
34
57
79
98
111
115
106
88
66
41
14
-14
-31
-8
31
56
76
95
109
118
122
122
112
97
79
57
33
6
-17
-40
-65
-86
-101
-113
-121
-122
-116
-103
-87
-64
-49
-69
-100
-113
-118
-119
-113
-106
-114
-122
-117
-104
-88
-66
-50
-70
-100
-113
-118
-120
-114
-107
-114
-123
-118
-104
-88
-67
-43
-18
8
32
58
82
98
111
121
123
118
106
91
71
57
76
105
117
120
119
111
97
78
57
31
1
-25
-51
-66
-45
-9
18
44
68
89
104
116
122
120
112
99
80
67
84
110
119
120
118
109
100
110
123
122
112
99
81
60
36
14
-11
-38
-63
-84
-94
-77
-46
-20
7
33
57
79
98
111
118
120
116
104
93
105
121
122
115
106
91
80
95
116
122
118
110
97
78
55
31
4
-24
-50
-72
-91
-107
-115
-117
-113
-104
-90
-69
-45
-21
5
33
59
80
92
76
48
22
-4
-30
-54
-74
-93
-106
-113
-115
-112
-103
-89
-73
-53
-29
-1
26
51
65
44
7
-21
-44
-67
-85
-95
-80
-53
-28
0
27
52
74
93
107
115
118
117
108
94
78
59
35
7
-20
-44
-66
-86
-101
-110
-115
-113
-104
-96
-106
-118
-116
-106
-93
-74
-59
-75
-101
-112
-114
-113
-106
-99
-107
-117
-113
-101
-85
-65
-49
-66
-95
-108
-113
-114
-108
-96
-81
-62
-38
-9
19
44
67
87
102
112
117
118
111
105
112
121
117
105
90
70
46
19
-8
-33
-59
-81
-97
-105
-95
-74
-51
-25
2
27
51
73
90
104
114
118
116
111
116
119
111
97
79
56
39
59
89
104
112
118
117
110
100
85
64
38
12
-14
-28
-4
33
60
80
97
109
117
120
115
105
88
68
44
27
47
79
96
107
115
117
115
108
98
80
57
32
8
-16
-40
-61
-79
-96
-107
-111
-112
-110
-103
-89
-68
-46
-21
-3
-24
-59
-80
-94
-106
-112
-112
-110
-104
-90
-70
-48
-23
4
31
55
76
95
109
116
118
115
106
91
70
47
22
7
31
67
88
102
113
118
117
112
101
85
62
37
11
-7
13
49
71
88
103
113
119
119
114
101
82
60
36
22
44
78
98
109
117
118
114
107
94
76
52
27
1
-25
-51
-73
-90
-103
-112
-112
-110
-112
-111
-100
-81
-61
-40
-16
7
30
53
77
96
108
116
121
118
108
92
72
49
25
0
-25
-48
-71
-90
-103
-111
-114
-112
-101
-84
-64
-42
-18
6
29
53
76
96
108
114
106
87
66
41
15
-12
-38
-63
-84
-99
-109
-114
-111
-103
-91
-74
-52
-24
3
30
48
29
-7
-34
-56
-77
-95
-103
-91
-66
-42
-16
12
38
63
87
103
114
119
119
111
98
82
62
39
11
-17
-42
-66
-87
-103
-112
-114
-112
-103
-94
-104
-118
-116
-106
-93
-77
-65
-82
-107
-115
-115
-111
-100
-91
-102
-117
-116
-107
-95
-78
-66
-83
-108
-115
-114
-111
-100
-84
-66
-45
-20
10
36
59
82
101
113
119
120
116
103
94
106
122
123
115
106
92
75
54
32
8
-21
-47
-70
-83
-65
-32
-5
23
49
72
92
109
119
121
119
111
97
78
56
33
8
-21
-48
-69
-88
-104
-114
-117
-113
-106
-90
-78
-93
-114
-118
-113
-105
-92
-81
-94
-114
-118
-114
-106
-91
-79
-94
-114
-118
-113
-107
-95
-85
-98
-117
-119
-112
-101
-85
-64
-40
-16
10
40
66
86
103
116
122
121
113
100
80
66
83
109
118
120
119
113
103
89
72
48
19
-10
-37
-54
-33
4
31
56
79
97
111
121
123
118
107
93
71
56
76
104
115
119
120
115
109
116
123
118
105
89
69
45
20
-6
-31
-57
-80
-97
-106
-95
-75
-51
-24
3
29
55
78
95
107
116
121
118
114
119
122
113
97
78
56
31
5
-21
-45
-69
-89
-104
-114
-119
-118
-110
-96
-78
-55
-39
-59
-91
-106
-113
-117
-116
-109
-99
-85
-63
-37
-10
17
43
67
86
101
112
119
120
117
110
97
77
52
25
-2
-28
-53
-75
-91
-106
-116
-119
-117
-113
-103
-86
-62
-36
-9
8
-16
-56
-79
-95
-110
-118
-119
-116
-108
-91
-69
-46
-20
7
34
57
78
98
113
120
121
117
107
91
69
45
17
0
24
61
82
97
111
119
121
119
111
95
74
49
20
1
24
62
84
100
113
120
120
116
106
90
67
43
17
-10
-36
-59
-79
-98
-112
-118
-119
-115
-105
-88
-65
-41
-15
13
40
64
84
102
115
121
120
114
103
84
60
35
7
-12
10
46
69
86
102
114
120
122
119
108
90
70
46
21
-6
-31
-54
-77
-97
-110
-116
-106
-87
-65
-40
-15
12
29
6
-34
-60
-81
-99
-112
-119
-122
-119
-108
-89
-68
-44
-17
10
35
57
80
99
111
118
122
121
110
93
73
48
31
53
88
105
115
120
119
114
118
121
113
96
77
53
37
58
92
108
116
120
117
111
117
123
115
100
83
62
37
11
-13
-38
-63
-85
-101
-113
-121
-123
-117
-105
-90
-68
-54
-73
-102
-115
-119
-120
-114
-101
-84
-64
-39
-10
18
45
61
40
4
-23
-48
-72
-92
-106
-118
-123
-120
-111
-99
-80
-67
-84
-110
-119
-120
-118
-108
-98
-108
-122
-121
-113
-101
-84
-64
-41
-19
7
35
60
82
93
76
45
18
-9
-34
-58
-80
-98
-112
-118
-120
-116
-105
-89
-70
-48
-23
5
32
56
78
97
110
116
117
112
100
89
101
118
120
114
104
88
75
91
114
119
116
110
96
83
95
115
119
115
107
94
77
58
37
11
-17
-43
-66
-86
-103
-114
-118
-118
-113
-101
-91
-103
-119
-121
-115
-105
-89
-68
-44
-18
8
35
59
80
92
77
49
24
-2
-29
-53
-74
-92
-106
-114
-118
-117
-110
-104
-112
-121
-118
-107
-92
-72
-57
-74
-101
-113
-117
-118
-112
-102
-88
-70
-47
-19
8
34
49
25
-13
-41
-64
-84
-100
-112
-119
-120
-114
-102
-86
-65
-50
-68
-96
-110
-116
-118
-114
-104
-91
-75
-53
-26
1
26
49
71
90
102
111
114
110
104
110
116
109
96
79
58
32
5
-20
-45
-70
-90
-104
-114
-119
-118
-109
-94
-74
-52
-26
0
26
50
73
91
104
111
114
111
100
84
64
41
15
-12
-36
-59
-81
-99
-109
-114
-106
-88
-68
-43
-16
10
35
58
78
94
106
113
112
106
96
82
61
34
8
-19
-35
-12
27
53
72
90
103
108
100
81
60
35
8
-17
-42
-64
-83
-98
-110
-118
-117
-113
-105
-93
-76
-51
-26
-1
22
45
65
82
97
108
112
111
107
98
82
59
35
10
-15
-39
-59
-78
-96
-109
-116
-118
-115
-105
-89
-68
-43
-18
9
36
60
80
96
107
112
112
111
104
90
69
46
21
-3
-28
-49
-70
-91
-106
-115
-118
-114
-101
-84
-62
-39
-12
5
-16
-50
-73
-91
-105
-114
-118
-118
-112
-98
-77
-56
-31
-16
-40
-75
-96
-108
-116
-118
-115
-106
-93
-74
-49
-24
4
22
1
-33
-57
-78
-95
-109
-117
-121
-118
-107
-90
-70
-46
-22
2
27
50
72
90
103
109
101
82
60
35
8
-18
-44
-70
-89
-104
-115
-120
-117
-109
-97
-81
-59
-33
-6
20
45
69
89
102
110
114
111
103
91
75
54
27
1
-24
-50
-74
-93
-106
-116
-120
-117
-111
-117
-121
-114
-99
-82
-62
-40
-18
6
30
54
77
93
106
114
116
111
99
84
65
52
72
101
112
113
113
104
96
105
117
115
105
91
75
56
34
12
-13
-40
-65
-86
-102
-116
-122
-121
-114
-104
-89
-70
-50
-27
-2
25
51
74
86
70
38
12
-15
-41
-65
-80
-63
-31
-4
23
49
72
85
67
36
10
-16
-42
-67
-81
-63
-31
-4
22
47
70
89
104
114
116
112
104
91
74
55
34
9
-20
-47
-71
-84
-66
-32
-5
21
47
71
84
68
40
15
-12
-39
-62
-84
-103
-115
-120
-120
-116
-105
-98
-109
-122
-122
-114
-103
-86
-64
-41
-17
8
36
61
82
92
78
50
23
-5
-33
-59
-82
-101
-113
-119
-121
-117
-106
-93
-77
-57
-32
-2
25
50
66
46
9
-19
-44
-68
-88
-106
-118
-123
-120
-111
-98
-79
-56
-32
-6
20
47
72
91
105
115
120
115
104
90
70
45
18
-7
-34
-62
-85
-102
-114
-122
-122
-115
-100
-84
-61
-44
-64
-95
-109
-116
-120
-119
-112
-101
-86
-65
-37
-9
19
45
70
89
103
113
117
115
111
116
118
110
93
76
53
36
57
90
105
112
117
116
109
100
85
63
36
8
-20
-46
-72
-91
-104
-115
-121
-120
-115
-106
-91
-70
-43
-16
13
30
7
-32
-59
-80
-99
-113
-118
-112
-96
-75
-50
-24
4
21
-3
-42
-68
-88
-105
-116
-120
-115
-102
-83
-59
-34
-7
20
46
69
86
102
114
119
119
115
106
89
65
40
13
-4
19
58
81
97
111
118
119
117
110
94
72
48
23
-3
-30
-52
-72
-92
-107
-117
-120
-113
-98
-79
-55
-30
-4
23
48
71
89
105
116
120
119
119
115
101
81
57
31
3
-24
-48
-69
-90
-107
-116
-121
-122
-116
-102
-82
-60
-33
-15
-38
-75
-95
-109
-118
-120
-117
-108
-94
-74
-49
-23
4
31
56
78
95
109
119
121
116
107
93
72
48
23
-3
-30
-57
-78
-95
-110
-119
-120
-115
-106
-92
-71
-45
-20
8
25
2
-36
-60
-80
-99
-112
-120
-122
-119
-107
-88
-66
-41
-15
12
37
60
82
100
112
116
108
89
67
43
17
-11
-29
-7
32
56
77
95
109
117
122
121
112
97
78
57
33
8
-16
-39
-64
-85
-101
-112
-120
-122
-116
-104
-88
-67
-51
-71
-101
-114
-118
-119
-113
-105
-113
-122
-118
-107
-92
-71
-57
-76
-104
-115
-118
-118
-110
-102
-111
-122
-118
-107
-92
-73
-50
-25
0
26
54
77
95
109
119
123
118
108
94
74
59
77
105
117
120
119
111
96
78
56
30
1
-26
-52
-67
-47
-12
15
40
64
85
102
115
121
120
114
103
86
73
89
113
121
120
116
106
96
107
122
122
114
104
89
69
47
26
1
-27
-53
-75
-86
-66
-32
-5
21
47
69
89
106
117
120
118
111
96
84
97
117
122
118
110
98
81
61
40
16
-12
-39
-62
-82
-99
-111
-116
-115
-110
-97
-86
-99
-116
-118
-112
-103
-87
-66
-42
-18
8
35
59
80
98
111
119
120
116
106
91
70
47
22
-4
-31
-55
-76
-94
-109
-117
-116
-111
-101
-84
-63
-38
-12
14
42
67
87
98
83
56
32
6
-21
-46
-68
-87
-101
-110
-114
-113
-105
-93
-79
-60
-37
-10
17
43
56
34
-4
-32
-54
-76
-93
-102
-89
-66
-44
-17
10
36
59
80
96
107
115
118
114
105
94
79
58
32
6
-18
-41
-63
-81
-96
-106
-112
-111
-107
-111
-113
-104
-88
-69
-46
-28
-47
-80
-97
-106
-112
-111
-107
-111
-113
-104
-88
-69
-46
-29
-48
-80
-97
-105
-112
-112
-107
-98
-84
-64
-38
-12
14
39
63
82
97
109
117
117
115
117
115
105
88
67
43
16
-12
-37
-59
-80
-97
-106
-110
-104
-90
-71
-47
-21
3
28
52
71
89
104
114
117
117
116
110
97
77
55
29
11
31
64
84
99
111
117
117
114
105
89
68
44
19
-6
-30
-53
-72
-90
-104
-111
-112
-110
-100
-85
-65
-41
-17
11
38
61
82
99
112
117
118
114
106
90
69
45
20
-7
-35
-59
-78
-96
-108
-112
-111
-106
-95
-77
-53
-28
-2
26
53
75
93
109
117
119
116
117
116
105
87
67
44
20
-4
-28
-51
-73
-92
-104
-111
-115
-112
-101
-83
-63
-39
-25
-47
-80
-98
-106
-112
-112
-109
-112
-113
-103
-85
-66
-45
-22
1
24
47
71
91
105
115
122
121
112
98
80
60
38
15
-8
-32
-57
-78
-95
-103
-91
-66
-43
-16
11
37
54
35
-2
-28
-53
-75
-93
-102
-90
-66
-42
-16
10
37
54
34
-1
-27
-51
-73
-91
-104
-113
-116
-112
-100
-84
-65
-43
-20
4
29
56
79
97
106
94
67
43
18
-10
-35
-59
-81
-98
-108
-113
-114
-107
-100
-108
-117
-113
-100
-84
-67
-46
-23
-1
24
51
74
93
103
89
61
36
10
-18
-45
-61
-43
-11
15
40
64
84
102
115
122
121
115
105
90
80
96
117
122
119
112
97
80
58
34
9
-20
-47
-70
-88
-104
-115
-117
-113
-104
-89
-70
-47
-24
2
32
58
79
98
113
121
122
116
107
90
77
94
116
122
120
115
104
95
106
122
123
116
107
91
71
49
25
0
-28
-54
-76
-88
-73
-46
-19
8
35
59
81
100
113
119
120
117
107
100
111
123
122
112
99
80
58
34
9
-17
-44
-69
-88
-103
-114
-119
-115
-105
-91
-70
-55
-73
-101
-113
-115
-115
-110
-100
-86
-67
-43
-13
16
42
68
90
105
114
120
120
113
103
88
69
46
18
-11
-38
-63
-85
-101
-111
-115
-115
-110
-99
-86
-69
-46
-18
8
35
52
29
-11
-39
-62
-84
-101
-112
-118
-119
-111
-97
-80
-58
-33
-7
18
43
69
92
107
114
105
84
61
34
7
-22
-39
-16
23
51
74
94
108
118
122
120
110
94
75
50
24
-2
-28
-52
-76
-96
-109
-116
-119
-116
-104
-87
-68
-43
-26
-47
-82
-99
-109
-116
-118
-116
-117
-115
-103
-84
-63
-39
-22
-43
-79
-97
-108
-116
-118
-117
-117
-113
-100
-81
-59
-34
-7
21
46
69
91
107
117
121
120
114
100
81
59
33
16
39
75
93
106
116
121
120
116
105
86
62
36
8
-11
12
52
76
94
109
118
122
119
110
95
73
50
23
5
28
64
84
99
111
119
121
117
104
86
62
37
10
-18
-45
-69
-88
-105
-116
-120
-119
-119
-116
-102
-82
-59
-34
-6
21
44
66
87
104
115
119
112
96
76
51
26
0
-27
-52
-74
-92
-108
-118
-120
-117
-109
-95
-75
-51
-25
2
21
-1
-39
-64
-82
-99
-111
-119
-123
-120
-109
-92
-71
-48
-22
3
26
49
73
93
106
116
122
122
113
98
79
56
31
5
-21
-46
-70
-92
-107
-116
-122
-121
-112
-95
-75
-51
-34
-55
-88
-106
-114
-120
-119
-112
-100
-83
-60
-33
-6
22
49
74
93
106
116
120
116
110
116
122
117
103
87
66
50
70
100
113
117
119
114
101
84
64
40
12
-15
-41
-65
-86
-102
-113
-119
-121
-114
-102
-86
-66
-42
-16
11
37
53
32
-6
-34
-58
-81
-99
-108
-95
-69
-45
-20
6
33
49
27
-11
-37
-60
-82
-100
-109
-95
-68
-43
-17
11
37
62
85
101
112
118
119
111
98
79
58
32
4
-23
-49
-64
-44
-9
17
41
65
86
95
79
48
21
-6
-32
-57
-73
-52
-18
8
34
59
80
97
110
118
119
113
102
86
72
88
112
119
117
112
101
82
60
37
11
-18
-45
-68
-89
-105
-116
-119
-118
-111
-97
-79
-56
-33
-6
23
48
70
89
105
115
117
113
103
87
66
41
16
-10
-38
-63
-84
-96
-81
-54
-30
-4
23
48
69
88
102
110
114
113
104
92
77
57
34
5
-22
-47
-61
-40
-2
26
49
71
90
99
85
60
35
8
-19
-44
-68
-87
-103
-112
-117
-118
-112
-101
-86
-69
-46
-17
10
35
58
79
96
106
113
114
108
101
109
117
112
100
85
64
48
65
94
108
112
114
109
102
109
116
111
98
82
60
44
62
91
104
110
113
111
103
91
77
56
29
2
-23
-46
-69
-87
-101
-112
-118
-117
-114
-117
-117
-107
-90
-70
-48
-22
5
32
55
77
95
106
110
104
90
71
47
23
-2
-26
-49
-69
-86
-102
-113
-117
-118
-117
-111
-98
-79
-58
-33
-16
-37
-70
-89
-103
-113
-117
-117
-113
-103
-86
-62
-38
-12
4
-20
-57
-80
-96
-109
-116
-118
-115
-107
-93
-72
-50
-25
-8
-28
-63
-84
-99
-111
-117
-117
-113
-104
-86
-63
-38
-13
11
35
58
77
94
106
112
112
110
102
88
68
45
20
-6
-33
-57
-78
-97
-111
-116
-118
-114
-105
-89
-68
-44
-19
8
35
59
78
93
106
111
112
109
99
83
61
37
13
-14
-42
-65
-84
-101
-113
-117
-118
-117
-109
-94
-74
-51
-26
-2
22
44
65
84
100
108
112
112
105
91
70
48
23
8
30
66
87
99
109
112
111
111
107
95
75
54
31
8
-15
-37
-59
-80
-98
-109
-117
-121
-118
-108
-92
-74
-53
-31
-8
16
39
63
84
98
105
94
72
48
22
-5
-32
-49
-30
5
31
54
75
92
101
89
64
39
12
-15
-43
-60
-41
-6
21
46
69
88
103
113
117
112
101
86
67
45
22
-1
-26
-53
-76
-95
-105
-91
-65
-40
-14
14
40
65
86
102
111
114
113
103
94
105
117
116
105
92
75
55
33
11
-14
-42
-66
-87
-98
-83
-53
-28
-2
25
51
65
46
14
-12
-39
-63
-84
-102
-115
-122
-121
-114
-104
-88
-76
-92
-115
-122
-120
-115
-103
-87
-67
-46
-22
7
34
57
77
96
109
115
114
110
99
88
100
116
117
108
98
81
69
85
109
116
114
110
99
89
100
116
118
110
100
84
73
88
111
118
114
107
95
76
55
32
5
-25
-52
-74
-94
-111
-120
-122
-117
-108
-91
-78
-93
-116
-122
-120
-115
-105
-92
-75
-54
-29
0
27
53
69
49
13
-15
-41
-65
-86
-103
-116
-122
-121
-114
-103
-84
-70
-87
-111
-119
-120
-118
-111
-105
-114
-124
-120
-108
-92
-72
-48
-23
2
28
54
78
95
104
92
68
43
15
-14
-41
-66
-88
-104
-114
-119
-120
-113
-107
-116
-124
-119
-107
-92
-72
-49
-24
2
27
54
77
95
108
117
120
114
102
85
64
48
68
97
110
115
117
114
106
96
80
58
32
4
-23
-49
-73
-92
-105
-115
-121
-119
-113
-104
-90
-69
-42
-14
13
39
65
85
100
111
118
117
112
104
91
70
44
17
-11
-28
-5
36
61
82
100
112
118
119
114
102
84
63
39
12
-15
-40
-63
-85
-104
-115
-119
-113
-98
-78
-52
-27
1
19
-4
-43
-69
-89
-106
-116
-121
-120
-114
-100
-79
-57
-33
-5
22
47
68
90
107
116
119
118
111
97
77
56
30
13
36
72
92
104
115
118
118
117
112
97
77
55
28
10
32
68
88
102
112
118
119
116
108
91
69
45
18
-10
-38
-62
-82
-102
-115
-120
-120
-114
-102
-84
-60
-36
-7
10
-14
-51
-73
-90
-106
-116
-121
-122
-117
-103
-84
-63
-36
-19
-41
-78
-98
-110
-119
-121
-116
-106
-92
-71
-46
-20
9
27
4
-33
-56
-77
-95
-109
-115
-105
-85
-62
-36
-10
16
42
66
86
100
113
121
119
116
120
120
110
91
70
47
21
-6
-29
-52
-75
-94
-108
-114
-103
-81
-58
-32
-5
23
48
72
92
106
116
121
118
109
95
77
53
26
-2
-30
-47
-26
11
37
61
83
100
113
121
123
117
104
87
66
41
15
-8
-33
-60
-82
-99
-112
-120
-122
-116
-104
-89
-69
-44
-20
5
30
56
79
97
110
119
123
119
108
93
73
59
77
105
116
119
119
113
100
83
63
39
11
-16
-41
-65
-88
-103
-113
-118
-118
-110
-101
-110
-122
-120
-109
-96
-77
-64
-82
-108
-117
-118
-115
-106
-90
-70
-48
-22
8
35
60
81
100
113
119
119
114
103
85
64
40
14
-13
-39
-62
-76
-56
-22
5
32
57
80
92
75
44
17
-8
-33
-57
-72
-52
-17
11
37
61
83
94
77
45
18
-8
-35
-59
-81
-99
-112
-117
-117
-111
-98
-80
-58
-33
-7
22
49
72
86
69
39
15
-11
-38
-61
-80
-98
-110
-115
-115
-111
-99
-90
-102
-117
-117
-110
-99
-83
-61
-37
-13
13
40
64
84
95
80
53
28
1
-25
-50
-63
-41
-4
25
49
72
90
105
116
120
118
110
98
79
65
81
107
117
118
116
109
96
80
61
38
10
-18
-44
-58
-37
1
28
52
74
93
107
117
121
117
107
92
72
48
22
-6
-32
-58
-79
-95
-103
-92
-71
-48
-22
4
30
53
75
92
104
113
118
116
109
99
84
64
38
12
-14
-37
-60
-80
-94
-105
-113
-113
-107
-97
-83
-62
-36
-9
17
42
65
84
99
111
117
117
114
117
117
107
90
71
49
24
-3
-29
-53
-75
-93
-104
-111
-114
-111
-100
-83
-63
-38
-20
-40
-74
-91
-102
-110
-112
-111
-111
-107
-96
-77
-54
-30
-2
26
51
73
93
108
116
118
117
109
96
76
54
30
3
-24
-48
-70
-88
-103
-110
-112
-109
-98
-82
-60
-37
-12
3
-20
-58
-80
-94
-106
-111
-112
-110
-103
-87
-66
-43
-18
-2
-24
-61
-81
-95
-106
-112
-112
-108
-99
-83
-61
-38
-14
14
41
64
84
101
113
118
118
116
109
94
73
50
26
2
-21
-44
-64
-83
-99
-108
-111
-106
-92
-73
-50
-25
1
28
55
76
93
108
117
118
116
118
115
104
85
64
41
26
49
82
100
110
117
118
114
105
92
74
51
26
-1
-17
4
38
63
82
99
111
118
121
118
107
90
70
47
32
55
88
105
113
119
117
111
101
86
66
41
15
-11
-37
-61
-83
-98
-108
-114
-111
-107
-111
-114
-106
-90
-71
-50
-26
-3
20
44
68
89
104
115
121
121
113
98
81
60
38
15
-9
-34
-59
-81
-96
-108
-115
-115
-108
-93
-76
-56
-34
-11
11
35
60
82
99
108
96
71
47
21
-6
-32
-56
-78
-96
-107
-112
-114
-108
-96
-81
-62
-39
-10
19
45
62
44
10
-16
-40
-63
-84
-94
-79
-49
-23
4
32
58
81
100
113
120
120
115
103
86
67
45
20
-9
-36
-59
-80
-98
-110
-115
-114
-109
-96
-80
-60
-38
-12
17
44
67
88
106
117
121
119
112
99
81
61
39
14
-14
-41
-64
-84
-102
-113
-116
-114
-107
-93
-82
-95
-115
-118
-113
-105
-93
-82
-95
-115
-119
-113
-105
-90
-79
-93
-114
-118
-114
-107
-94
-85
-98
-116
-119
-112
-102
-86
-66
-42
-18
9
38
65
86
103
117
123
121
112
100
81
67
84
110
119
120
119
113
102
88
71
47
19
-8
-35
-52
-30
9
36
61
84
101
114
122
123
116
102
86
64
48
68
98
112
118
121
117
112
118
123
116
101
84
62
38
13
-12
-36
-62
-84
-100
-108
-97
-75
-51
-23
5
33
59
83
100
111
118
120
116
112
117
123
116
102
85
64
39
13
-12
-38
-63
-86
-101
-112
-119
-119
-111
-96
-79
-56
-40
-60
-91
-107
-113
-117
-115
-109
-99
-85
-65
-38
-11
15
41
65
84
99
111
119
121
119
112
101
82
58
32
5
-22
-49
-71
-89
-103
-114
-119
-117
-113
-104
-86
-62
-37
-9
9
-14
-53
-76
-94
-109
-117
-119
-116
-109
-93
-72
-48
-23
4
33
57
78
98
112
119
121
118
109
92
70
45
17
-3
21
60
83
99
113
120
121
117
108
91
69
45
19
-9
-36
-60
-80
-99
-112
-119
-119
-114
-105
-88
-64
-41
-14
4
-19
-57
-80
-95
-109
-118
-119
-115
-103
-85
-62
-37
-10
9
-14
-52
-74
-91
-106
-116
-119
-113
-98
-80
-56
-30
-4
22
49
72
90
106
118
121
117
108
95
75
48
21
-6
-24
-2
35
59
79
97
110
118
122
120
110
93
73
49
32
53
88
105
114
120
119
111
99
82
60
32
5
-22
-39
-17
21
45
68
88
104
111
99
76
52
27
1
-25
-50
-73
-91
-105
-115
-121
-119
-115
-119
-122
-113
-96
-76
-52
-27
-1
24
47
71
91
106
113
101
78
53
27
-1
-28
-54
-77
-97
-109
-118
-121
-116
-106
-91
-73
-50
-23
4
30
47
26
-12
-38
-61
-83
-100
-112
-120
-123
-118
-107
-93
-74
-52
-28
-5
20
46
70
89
104
115
121
118
110
97
78
56
33
9
-16
-43
-68
-88
-103
-116
-122
-120
-113
-101
-82
-68
-84
-109
-119
-120
-117
-109
-94
-75
-53
-27
1
28
53
76
96
110
116
118
114
102
90
102
118
120
113
103
87
74
90
112
119
117
110
99
81
59
35
8
-21
-47
-70
-90
-106
-117
-120
-118
-111
-98
-79
-58
-34
-8
19
45
68
81
63
30
3
-23
-49
-73
-86
-67
-32
-4
21
47
70
83
67
36
10
-16
-42
-65
-78
-58
-22
7
32
57
78
95
110
117
116
110
97
79
56
30
5
-21
-48
-72
-91
-102
-88
-62
-38
-12
15
40
63
83
99
108
113
114
106
98
107
117
114
103
89
71
46
20
-4
-30
-56
-79
-96
-105
-93
-68
-45
-19
8
35
50
28
-9
-36
-59
-79
-96
-109
-118
-120
-116
-106
-91
-71
-56
-73
-100
-112
-117
-117
-112
-102
-88
-71
-48
-21
6
31
45
22
-17
-44
-67
-88
-103
-113
-119
-119
-112
-98
-81
-59
-34
-6
20
46
69
89
102
108
99
81
60
35
9
-17
-42
-64
-83
-98
-110
-117
-117
-112
-104
-90
-71
-46
-20
5
30
52
72
89
102
111
112
109
101
89
69
43
18
-8
-34
-57
-77
-94
-108
-116
-118
-116
-117
-115
-104
-87
-67
-43
-16
11
37
60
81
97
107
112
114
108
96
77
57
33
15
35
69
88
100
109
112
111
111
107
95
76
54
30
3
-24
-48
-70
-90
-106
-114
-118
-117
-110
-96
-76
-54
-29
-2
26
52
72
91
105
110
111
109
100
85
62
38
12
-5
18
56
78
93
105
112
113
110
103
88
67
45
21
6
29
67
88
100
110
113
109
101
89
70
44
18
-8
-35
-61
-81
-99
-111
-119
-118
-115
-118
-118
-108
-90
-70
-48
-24
0
25
49
72
91
104
109
103
87
68
45
21
-5
-32
-58
-79
-96
-109
-117
-118
-116
-118
-116
-104
-85
-65
-42
-27
-50
-84
-102
-111
-118
-118
-112
-103
-88
-69
-43
-18
9
27
6
-29
-54
-75
-94
-107
-116
-121
-120
-111
-95
-77
-54
-41
-61
-93
-109
-115
-119
-117
-109
-97
-81
-61
-34
-8
18
44
67
87
100
110
114
110
106
110
115
107
91
73
53
30
8
-15
-38
-62
-83
-99
-111
-120
-122
-117
-106
-93
-75
-55
-34
-11
14
41
65
84
99
111
117
114
104
92
75
55
34
12
-14
-42
-66
-87
-99
-84
-55
-29
-4
22
47
69
89
104
111
114
112
104
90
73
55
31
1
-26
-51
-75
-96
-110
-118
-120
-118
-107
-98
-108
-122
-122
-114
-103
-87
-69
-49
-26
-1
26
52
74
86
70
38
12
-16
-44
-67
-88
-106
-117
-121
-119
-113
-100
-82
-62
-40
-16
13
41
64
85
102
113
117
113
105
91
71
48
25
-2
-31
-58
-79
-97
-112
-120
-122
-117
-107
-90
-77
-93
-115
-122
-120
-115
-105
-91
-74
-54
-29
0
29
53
75
95
109
115
116
112
103
94
104
118
118
109
97
79
65
82
107
116
116
113
106
94
79
62
38
9
-18
-44
-68
-89
-105
-114
-119
-120
-114
-105
-92
-75
-52
-24
4
30
46
24
-15
-42
-66
-87
-104
-112
-101
-80
-56
-29
-2
26
44
21
-18
-45
-68
-90
-106
-114
-104
-84
-60
-34
-5
23
49
73
92
105
114
118
115
107
96
81
59
31
3
-25
-43
-21
20
46
69
90
105
114
119
118
109
93
74
51
33
54
87
103
111
117
117
112
104
92
72
45
20
-6
-23
0
40
65
84
102
113
117
112
98
79
54
27
0
-27
-54
-75
-92
-107
-117
-121
-120
-120
-114
-99
-79
-57
-32
-4
23
48
70
91
107
116
119
117
110
95
75
52
25
7
29
67
88
101
113
118
118
117
110
96
75
53
28
10
33
69
90
104
114
119
118
118
111
97
78
55
30
3
-25
-49
-71
-93
-109
-118
-122
-119
-111
-97
-75
-52
-25
-6
-28
-64
-85
-100
-111
-119
-121
-120
-113
-99
-77
-55
-28
-11
-34
-72
-94
-108
-117
-121
-118
-109
-94
-75
-49
-23
4
22
-1
-38
-61
-81
-98
-111
-117
-107
-87
-65
-39
-12
14
40
65
85
100
113
120
119
115
119
121
111
94
74
50
24
-3
-28
-52
-76
-96
-109
-115
-107
-87
-65
-41
-15
12
39
64
84
100
113
120
120
113
102
86
64
37
10
-18
-36
-14
24
49
70
91
106
116
122
123
115
101
84
63
39
14
-9
-33
-59
-82
-98
-111
-120
-122
-116
-104
-87
-66
-41
-16
8
33
59
82
99
111
121
123
118
107
92
72
58
76
104
116
119
119
112
99
81
60
36
7
-20
-44
-68
-89
-104
-113
-118
-118
-110
-101
-110
-122
-120
-109
-96
-76
-61
-79
-106
-116
-118
-116
-108
-93
-74
-53
-28
1
29
53
76
96
110
117
120
117
107
97
107
121
122
115
104
88
75
90
114
121
120
115
104
87
66
43
17
-11
-37
-60
-82
-100
-112
-117
-116
-111
-98
-87
-99
-117
-120
-114
-105
-89
-78
-92
-114
-119
-116
-108
-95
-76
-52
-27
-1
28
55
76
95
110
119
120
115
105
89
68
43
16
-10
-38
-62
-82
-94
-79
-52
-27
0
27
53
67
46
8
-20
-44
-66
-85
-96
-82
-54
-29
-2
25
51
66
45
7
-21
-44
-67
-85
-100
-112
-117
-115
-107
-95
-78
-57
-32
-8
17
44
68
87
98
84
57
33
6
-20
-45
-67
-86
-101
-110
-114
-113
-105
-97
-106
-118
-115
-106
-92
-74
-52
-26
-2
24
50
74
92
102
88
62
38
12
-14
-41
-55
-33
4
32
55
77
95
108
118
120
116
105
90
69
53
70
98
110
116
118
114
105
93
77
56
29
3
-23
-38
-14
24
52
73
91
106
115
119
118
110
95
77
55
30
2
-23
-46
-69
-88
-101
-107
-98
-79
-57
-31
-4
22
46
69
87
101
112
118
116
111
101
87
67
40
14
-13
-36
-58
-78
-93
-105
-112
-112
-107
-99
-86
-66
-41
-15
11
26
2
-37
-62
-80
-97
-107
-112
-113
-108
-95
-76
-54
-30
-3
25
51
72
92
107
115
118
116
109
95
76
54
29
3
-24
-49
-70
-88
-102
-110
-112
-108
-98
-81
-58
-34
-9
7
-15
-52
-75
-90
-103
-110
-112
-108
-98
-82
-58
-34
-9
7
-16
-54
-77
-92
-105
-112
-112
-108
-98
-80
-57
-32
-6
23
51
74
92
107
117
118
117
117
114
102
83
62
39
15
-9
-33
-55
-76
-93
-104
-110
-102
-84
-63
-39
-12
14
42
68
88
103
115
119
117
113
117
120
113
97
80
58
45
66
96
111
117
119
114
104
91
73
52
26
0
-26
-42
-22
13
39
63
85
101
113
121
122
115
102
86
65
51
71
101
115
119
119
113
102
87
69
47
20
-7
-32
-56
-78
-95
-106
-112
-114
-108
-101
-108
-117
-112
-98
-83
-64
-43
-20
3
28
54
77
95
109
119
122
118
107
91
71
51
28
4
-21
-48
-71
-89
-103
-113
-116
-112
-101
-86
-67
-46
-23
-1
24
51
75
93
103
90
63
38
12
-15
-41
-64
-86
-102
-111
-114
-113
-104
-90
-72
-52
-28
2
30
55
71
54
22
-6
-31
-56
-77
-88
-72
-40
-14
15
42
67
82
66
34
8
-19
-44
-68
-81
-64
-30
-3
25
51
73
87
72
41
14
-13
-39
-63
-83
-101
-112
-115
-114
-108
-96
-81
-62
-43
-17
11
39
63
78
60
25
-2
-27
-53
-75
-93
-108
-116
-117
-112
-102
-86
-73
-88
-111
-118
-115
-109
-100
-85
-68
-48
-23
6
33
59
74
54
18
-10
-35
-59
-81
-93
-79
-53
-28
0
28
53
76
96
110
117
120
119
110
103
113
124
121
110
95
76
53
28
2
-23
-49
-74
-93
-102
-91
-68
-43
-15
13
40
64
86
102
113
119
120
115
106
93
75
52
23
-5
-32
-50
-28
11
38
63
85
102
114
122
123
116
103
87
66
41
15
-10
-35
-60
-84
-100
-112
-118
-119
-112
-99
-82
-60
-34
-7
19
44
71
92
107
117
123
121
111
95
76
51
35
55
88
104
113
120
120
117
109
96
75
49
21
-8
-35
-62
-83
-99
-111
-117
-117
-114
-117
-117
-108
-91
-72
-48
-31
-52
-86
-103
-111
-117
-117
-112
-103
-89
-69
-42
-14
12
39
65
84
99
112
119
121
117
110
97
77
51
24
-4
-22
1
41
67
88
105
117
121
120
113
99
77
54
27
9
32
67
88
102
114
120
121
118
109
94
72
48
23
-4
-31
-55
-76
-96
-111
-118
-119
-116
-107
-90
-68
-43
-16
11
38
61
80
98
112
119
121
116
104
85
62
36
9
-18
-45
-69
-88
-105
-116
-120
-118
-110
-98
-78
-53
-27
1
19
-3
-41
-65
-84
-101
-114
-120
-122
-118
-106
-87
-66
-42
-14
12
35
59
81
100
112
119
123
120
108
89
68
42
15
-12
-37
-60
-83
-101
-113
-119
-122
-118
-106
-87
-66
-41
-24
-44
-80
-99
-111
-118
-120
-115
-105
-91
-69
-42
-15
12
40
67
88
102
114
121
118
113
118
122
115
99
82
59
42
62
95
110
117
120
117
107
92
74
52
24
-3
-29
-54
-77
-95
-108
-117
-121
-118
-109
-95
-77
-55
-27
0
28
46
24
-13
-39
-61
-83
-101
-108
-95
-69
-44
-17
9
36
53
32
-4
-31
-55
-77
-95
-104
-88
-59
-32
-6
22
47
71
93
107
115
118
116
105
89
68
45
19
-10
-38
-63
-78
-59
-28
-2
24
49
71
90
105
115
118
114
105
90
77
91
113
119
116
110
99
81
59
36
11
-17
-43
-65
-86
-103
-115
-119
-119
-114
-102
-85
-64
-41
-14
14
40
64
78
60
27
1
-25
-51
-74
-86
-67
-32
-4
20
46
70
83
66
35
9
-17
-44
-68
-81
-61
-26
2
27
52
74
92
107
116
116
112
103
87
67
44
20
-5
-33
-58
-78
-90
-74
-43
-18
9
35
59
79
96
109
114
115
111
101
91
102
117
117
109
97
80
58
32
8
-18
-46
-69
-89
-100
-85
-58
-33
-6
21
48
62
41
4
-24
-48
-71
-90
-105
-116
-121
-119
-110
-98
-80
-65
-81
-106
-116
-118
-117
-110
-99
-85
-68
-46
-19
7
33
47
24
-15
-43
-66
-86
-102
-113
-119
-119
-112
-99
-82
-61
-36
-10
16
41
65
85
99
106
97
77
57
31
4
-20
-44
-66
-85
-99
-111
-117
-117
-113
-103
-90
-71
-46
-20
5
29
52
73
90
103
111
112
108
98
85
65
38
11
-15
-39
-63
-82
-98
-110
-117
-117
-115
-117
-117
-107
-90
-71
-48
-21
7
33
57
79
95
106
112
114
110
98
80
60
36
18
36
70
89
100
109
112
111
112
108
95
76
54
29
2
-26
-50
-71
-91
-106
-115
-117
-113
-102
-85
-62
-39
-14
1
-23
-61
-85
-100
-112
-117
-117
-113
-102
-86
-63
-40
-14
4
-17
-52
-75
-92
-106
-114
-118
-118
-111
-98
-77
-56
-31
-16
-39
-74
-95
-107
-116
-118
-115
-109
-97
-79
-56
-31
-6
20
46
68
86
100
110
112
111
111
107
94
74
51
27
3
-22
-45
-66
-87
-103
-113
-118
-119
-114
-101
-82
-60
-36
-12
13
36
58
79
96
106
112
114
110
97
79
59
36
13
-11
-32
-55
-77
-96
-108
-114
-105
-85
-63
-38
-12
15
40
65
85
99
109
114
111
104
92
77
56
29
3
-24
-42
-23
14
39
61
81
96
104
93
70
46
19
-10
-36
-61
-85
-103
-114
-119
-119
-111
-99
-84
-65
-42
-13
14
39
62
84
100
110
114
113
105
97
106
118
115
104
90
72
60
77
104
114
114
112
102
93
103
117
117
108
97
81
69
85
109
117
115
109
99
83
63
41
16
-13
-40
-63
-85
-104
-115
-121
-120
-114
-101
-91
-103
-121
-123
-117
-107
-93
-76
-56
-33
-7
21
47
70
84
67
35
8
-19
-45
-69
-90
-107
-117
-121
-119
-112
-98
-86
-101
-118
-124
-116
-115
-67
-3
0
0
0
0
0
0
0
0
0
0
0
0
0
0
0
0
0
0
0
0
0
0
0
0
0
0
0
0
0
0
0
0
0
0
0
0
0
0
0
0
0
0
0
0
0
0
0
0
0
0
0
0
0
0
0
0
0
0
0
0
0
0
0
0
0
0
0
0
0
0
0
0
0
0
0
0
0
0
0
0
0
0
0
0
0
0
0
0
0
0
0
0
0
0
0
0
0
0
0
0
0
0
0
0
0
0
0
0
0
0
0
0
0
0
0
0
0
0
0
0
0
0
0
0
0
0
0
0
0
0
0
0
0
0
0
0
0
0
0
0
0
0
0
0
0
0
0
0
0
0
0
0
0
0
0
0
0
0
0
0
0
0
0
0
0
0
0
0
0
0
0
0
0
0
0
0
0
0
0
0
0
0
0
0
0
0
0
0
0
0
0
0
0
0
0
0
0
0
0
0
0
0
0
0
0
0
0
0
0
0
0
0
0
0
0
0
0
0
0
0
0
0
0
0
0
0
0
0
0
0
0
0
0
0
0
0
0
0
0
0
0
0
0
0
0
0
0
0
0
0
0
0
0
0
0
0
0
0
0
0
0
0
0
0
0
0
0
0
0
0
0
0
0
0
0
0
0
0
0
0
0
0
0
0
0
0
0
0
0
0
0
0
0
0
0
0
0
0
0
0
0
0
0
0
0
0
0
0
0
0
0
0
0
0
0
0
0
0
0
0
0
0
0
0
0
0
0
0
0
0
0
0
0
0
0
0
0
0
0
0
0
0
0
0
0
0
0
0
0
0
0
0
0
0
0
0
0
0
0
0
0
0
0
0
0
0
0
0
0
0
0
0
0
0
0
0
0
0
0
0
0
0
0
0
0
0
0
0
0
0
0
0
0
0
0
0
0
0
0
0
0
0
0
0
0
0
0
0
0
0
0
0
0
0
0
0
0
0
0
0
0
0
0
0
0
0
0
0
0
0
0
0
0
0
0
0
0
0
0
0
0
0
0
0
0
0
0
0
0
0
0
0
0
0
0
0
0
0
0
0
0
0
0
0
0
0
0
0
0
0
0
0
0
0
0
0
0
0
0
0
0
0
0
0
0
0
0
0
0
0
0
0
0
0
0
0
0
0
0
0
0
0
0
0
0
0
0
0
0
0
0
0
0
0
0
0
0
0
0
0
0
0
0
0
0
0
0
0
0
0
0
0
0
0
0
0
0
0
0
0
0
0
0
0
0
0
0
0
0
0
0
0
0
0
0
0
0
0
0
0
0
0
0
0
0
0
0
0
0
0
0
0
0
0
0
0
0
0
0
0
0
0
0
0
0
0
0
0
0
0
0
0
0
0
0
0
0
0
0
0
0
0
0
0
0
0
0
0
0
0
0
0
0
0
0
0
0
0
0
0
0
0
0
0
0
0
0
0
0
0
0
0
0
0
0
0
0
0
0
0
0
0
0
0
0
0
0
0
0
0
0
0
0
0
0
0
0
0
0
0
0
0
0
0
0
0
0
0
0
0
0
0
0
0
0
0
0
0
0
0
0
0
0
0
0
0
0
0
0
0
0
0
0
0
0
0
0
0
0
0
0
0
0
0
0
0
0
0
0
0
0
0
0
0
0
0
0
0
0
0
0
0
0
0
0
0
0
0
0
0
0
0
0
0
0
0
0
0
0
0
0
0
0
0
0
0
0
0
0
0
0
0
0
0
0
0
0
0
0
0
0
0
0
0
0
0
0
0
0
0
0
0
0
0
0
0
0
0
0
0
0
0
0
0
0
0
0
0
0
0
0
0
0
0
0
0
0
0
0
0
0
0
0
0
0
0
0
0
0
0
0
0
0
0
0
0
0
0
0
0
0
0
0
0
0
0
0
0
0
0
0
0
0
0
0
0
0
0
0
0
0
0
0
0
0
0
0
0
0
0
0
0
0
0
0
0
0
0
0
0
0
0
0
0
0
0
0
0
0
0
0
0
0
0
0
0
0
0
0
0
0
0
0
0
0
0
0
0
0
0
0
0
0
0
0
0
0
0
0
0
0
0
0
0
0
0
0
0
0
0
0
0
0
0
0
0
0
0
0
0
0
0
0
0
0
0
0
0
0
0
0
0
0
0
0
0
0
0
0
0
0
0
0
0
0
0
0
0
0
0
0
0
0
0
0
0
0
0
0
0
0
0
0
0
0
0
0
0
0
0
0
0
0
0
0
0
0
0
0
0
0
0
0
0
0
0
0
0
0
0
0
0
0
0
0
0
0
0
0
0
0
0
0
0
0
0
0
0
0
0
0
0
0
0
0
0
0
0
0
0
0
0
0
0
0
0
0
0
0
0
0
0
0
0
0
0
0
0
0
0
0
0
0
0
0
0
0
0
0
0
0
0
0
0
0
0
0
0
0
0
0
0
0
0
0
0
0
0
0
0
0
0
0
0
0
0
0
0
0
0
0
0
0
0
0
0
0
0
0
0
0
0
0
0
0
0
0
0
0
0
0
0
0
0
0
0
0
0
0
0
0
0
0
0
0
0
0
0
0
0
0
0
0
0
0
0
0
0
0
0
0
0
0
0
0
0
0
0
0
0
0
0
0
0
0
0
0
0
0
0
0
0
0
0
0
0
0
0
0
0
0
0
0
0
0
0
0
0
0
0
0
0
0
0
0
0
0
0
0
0
0
0
0
0
0
0
0
0
0
0
0
0
0
0
0
0
0
0
0
0
0
0
0
0
0
0
0
0
0
0
0
0
0
0
0
0
0
0
0
0
0
0
0
0
0
0
0
0
0
0
0
0
0
0
0
0
0
0
0
0
0
0
0
0
0
0
0
0
0
0
0
0
0
0
0
0
0
0
0
0
0
0
0
0
0
0
0
0
0
0
0
0
0
0
0
0
0
0
0
0
0
0
0
0
0
0
0
0
0
0
0
0
0
0
0
0
0
0
0
0
0
0
0
0
0
0
0
0
0
0
0
0
0
0
0
0
0
0
0
0
0
0
0
0
0
0
0
0
0
0
0
0
0
0
0
0
0
0
0
0
0
0
0
0
0
0
0
0
0
0
0
0
0
0
0
0
0
0
0
0
0
0
0
0
0
0
0
0
0
0
0
0
0
0
0
0
0
0
0
0
0
0
0
0
0
0
0
0
0
0
0
0
0
0
0
0
0
0
0
0
0
0
0
0
0
0
0
0
0
0
0
0
0
0
0
0
0
0
0
0
0
0
0
0
0
0
0
0
0
0
0
0
0
0
0
0
0
0
0
0
0
0
0
0
0
0
0
0
0
0
0
0
0
0
0
0
0
0
0
0
0
0
0
0
0
0
0
0
0
0
0
0
0
0
0
0
0
0
0
0
0
0
0
0
0
0
0
0
0
0
0
0
0
0
0
0
0
0
0
0
0
0
0
0
0
0
0
0
0
0
0
0
0
0
0
0
0
0
0
0
0
0
0
0
0
0
0
0
0
0
0
0
0
0
0
0
0
0
0
0
0
0
0
0
0
0
0
0
0
0
0
0
0
0
0
0
0
0
0
0
0
0
0
0
0
0
0
0
0
0
0
0
0
0
0
0
0
0
0
0
0
0
0
0
0
0
0
0
0
0
0
0
0
0
0
0
0
0
0
0
0
0
0
0
0
0
0
0
0
0
0
0
0
0
0
0
0
0
0
0
0
0
0
0
0
0
0
0
0
0
0
0
0
0
0
0
0
0
0
0
0
0
0
0
0
0
0
0
0
0
0
0
0
0
0
0
0
0
0
0
0
0
0
0
0
0
0
0
0
0
0
0
0
0
0
0
0
0
0
0
0
0
0
0
0
0
0
0
0
0
0
0
0
0
0
0
0
0
0
0
0
0
0
0
0
0
0
0
0
0
0
0
0
0
0
0
0
0
0
0
0
0
0
0
0
0
0
0
0
0
0
0
0
0
0
0
0
0
0
0
0
0
0
0
0
0
0
0
0
0
0
0
0
0
0
0
0
0
0
0
0
0
0
0
0
0
0
0
0
0
0
0
0
0
0
0
0
0
0
0
0
0
0
0
0
0
0
0
0
0
0
0
0
0
0
0
0
0
0
0
0
0
0
0
0
0
0
0
0
0
0
0
0
0
0
0
0
0
0
0
0
0
0
0
0
0
0
0
0
0
0
0
0
0
0
0
0
0
0
0
0
0
0
0
0
0
0
0
0
0
0
0
0
0
0
0
0
0
0
0
0
0
0
0
0
0
0
0
0
0
0
0
0
0
0
0
0
0
0
0
0
0
0
0
0
0
0
0
0
0
0
0
0
0
0
0
0
0
0
0
0
0
0
0
0
0
0
0
0
0
0
0
0
0
0
0
0
0
0
0
0
0
0
0
0
0
0
0
0
0
0
0
0
0
0
0
0
0
0
0
0
0
0
0
0
0
0
0
0
0
0
0
0
0
0
0
0
0
0
0
0
0
0
0
0
0
0
0
0
0
0
0
0
0
0
0
0
0
0
0
0
0
0
0
0
0
0
0
0
0
0
0
0
0
0
0
0
0
0
0
0
0
0
0
0
0
0
0
0
0
0
0
0
0
0
0
0
0
0
0
0
0
0
0
0
0
0
0
0
0
0
0
0
0
0
0
0
0
0
0
0
0
0
0
0
0
0
0
0
0
0
0
0
0
0
0
0
0
0
0
0
0
0
0
0
0
0
0
0
0
0
0
0
0
0
0
0
0
0
0
0
0
0
0
0
0
0
0
0
0
0
0
0
0
0
0
0
0
0
0
0
0
0
0
0
0
0
0
0
0
0
0
0
0
0
0
0
0
0
0
0
0
0
0
0
0
0
0
0
0
0
0
0
0
0
0
0
0
0
0
0
0
0
0
0
0
0
0
0
0
0
0
0
0
0
0
0
0
0
0
0
0
0
0
0
0
0
0
0
0
0
0
0
0
0
0
0
0
0
0
0
0
0
0
0
0
0
0
0
0
0
0
0
0
0
0
0
0
0
0
0
0
0
0
0
0
0
0
0
0
0
0
0
0
0
0
0
0
0
0
0
0
0
0
0
0
0
0
0
0
0
0
0
0
0
0
0
0
0
0
0
0
0
0
0
0
0
0
0
0
0
0
0
0
0
0
0
0
0
0
0
0
0
0
0
0
0
0
0
0
0
0
0
0
0
0
0
0
0
0
0
0
0
0
0
0
0
0
0
0
0
0
0
0
0
0
0
0
0
0
0
0
0
0
0
0
0
0
0
0
0
0
0
0
0
0
0
0
0
0
0
0
0
0
0
0
0
0
0
0
0
0
0
0
0
0
0
0
0
0
0
0
0
0
0
0
0
0
0
0
0
0
0
0
0
0
0
0
0
0
0
0
0
0
0
0
0
0
0
0
0
0
0
0
0
0
0
0
0
0
0
0
0
0
0
0
0
0
0
0
0
0
0
0
0
0
0
0
0
0
0
0
0
0
0
0
0
0
0
0
0
0
0
0
0
0
0
0
0
0
0
0
0
0
0
0
0
0
0
0
0
0
0
0
0
0
0
0
0
0
0
0
0
0
0
0
0
0
0
0
0
0
0
0
0
0
0